problem_id,d_x,disp.ratio_mean_02,disp.ratio_mean_05,disp.ratio_mean_10,disp.ratio_mean_25,disp.ratio_median_02,disp.ratio_median_05,disp.ratio_median_10,disp.ratio_median_25,disp.diff_mean_02,disp.diff_mean_05,disp.diff_mean_10,disp.diff_mean_25,disp.diff_median_02,disp.diff_median_05,disp.diff_median_10,disp.diff_median_25,ela_distr.skewness,ela_distr.kurtosis,ela_distr.number_of_peaks,ela_level.mmce_lda_10,ela_level.mmce_qda_10,ela_level.lda_qda_10,ela_level.mmce_lda_25,ela_level.mmce_qda_25,ela_level.lda_qda_25,ela_level.mmce_lda_50,ela_level.mmce_qda_50,ela_level.lda_qda_50,ela_meta.lin_simple.adj_r2,ela_meta.lin_simple.intercept,ela_meta.lin_simple.coef.min,ela_meta.lin_simple.coef.max,ela_meta.lin_simple.coef.max_by_min,ela_meta.lin_w_interact.adj_r2,ela_meta.quad_simple.adj_r2,ela_meta.quad_simple.cond,ela_meta.quad_w_interact.adj_r2,ic.h_max,ic.eps_s,ic.eps_max,ic.eps_ratio,ic.m0,nbc.nn_nb.sd_ratio,nbc.nn_nb.mean_ratio,nbc.nn_nb.cor,nbc.dist_ratio.coeff_var,nbc.nb_fitness.cor,pca.expl_var.cov_x,pca.expl_var.cor_x,pca.expl_var.cov_init,pca.expl_var.cor_init,pca.expl_var_PC1.cov_x,pca.expl_var_PC1.cor_x,pca.expl_var_PC1.cov_init,pca.expl_var_PC1.cor_init
8,94,0.8890503334697607,0.8896123480020148,0.9054893662200073,0.92687385497704,0.8858909413468581,0.8909466254382423,0.9040634728066783,0.9264297329024996,-28.141383010078727,-27.998833088983787,-23.971770505530714,-18.547787654510955,-29.03414815024803,-27.747769289159578,-24.41029114102244,-18.71937302414446,3.5250182534013392,14.225209410257026,3,0.1,0.092,1.0869565217391306,0.28400000000000003,0.16100000000000003,1.7639751552795029,0.244,0.152,1.605263157894737,0.34229576617027346,48595090.61294667,3304.487181010898,1210362.3438270679,366.27842007751343,0.386180989880609,0.6596536492952417,103.35559634810352,0.9091145621753202,0.6660384719219702,6.731731731731732,3376.980310825095,4.78978978978979,0.5881763527054108,0.8103592512738437,0.91757573079475,0.5912592545333241,0.12305708434805648,-0.22110461881578783,0.9,0.9,0.09090909090909091,0.9090909090909091,0.1133921497416261,0.11339267359184262,0.9999999999978454,0.144848299929074
8,94,0.9210836805765948,0.8995882912093048,0.8970180454294938,0.9275647945743649,0.9118046968107221,0.8975095195110564,0.8943242824114913,0.9248117936431746,-20.012420147330857,-25.463444300404774,-26.115233927737876,-18.36887192696551,-22.421903602173643,-26.056168418988165,-26.86595166836645,-19.11510765301199,3.5501010023602313,14.018076851543103,5,0.1,0.088,1.1363636363636365,0.27599999999999997,0.16399999999999998,1.6829268292682926,0.2819999999999999,0.15300000000000002,1.84313725490196,0.3471977907601008,47575672.27299936,13999.219914386786,1174056.5621590244,83.86585605048352,0.4205854593407031,0.6630305663768525,407.59673424838587,0.9099954242195786,0.6759534311384064,6.711711711711711,8890.965989529166,4.66966966966967,0.5701402805611222,0.7788677010214279,0.9151973870609402,0.6132643385805671,0.12266869232243652,-0.21043420256095216,0.9,0.9,0.09090909090909091,0.9090909090909091,0.11679038808929529,0.11679131466684171,0.9999999999977691,0.14972793249967103
8,94,0.895808810125783,0.900650204534977,0.9130702456950013,0.9277166631670084,0.8919420378251246,0.8973608674400636,0.9127332860246542,0.9259028367487729,-26.425775869368266,-25.197863953715654,-22.047797001036116,-18.33305925908587,-27.49684282934922,-26.117946695810588,-22.206222198883722,-18.85504789292932,3.6915537687003703,16.590122878257798,6,0.1,0.08499999999999999,1.1764705882352944,0.28300000000000003,0.16799999999999998,1.68452380952381,0.25799999999999995,0.16299999999999998,1.5828220858895705,0.33553181345653793,47465825.78476159,1367.4308308642749,1193241.7648417635,872.615812009726,0.3797434482928248,0.654252439869374,313.2536313262318,0.8991521126249654,0.6777949538513178,6.751751751751752,8890.965989529166,4.76976976976977,0.5961923847695391,0.826045921121556,0.9143615014641325,0.5830455417358554,0.12660885892983265,-0.2157353471033508,0.9,0.9,0.09090909090909091,0.9090909090909091,0.11695045757218454,0.11695307554987813,0.9999999999977807,0.14444716449021805
8,94,0.95619607718031,0.9519425204784819,0.9227523118247828,0.9281724787344777,0.9368097982551722,0.9502960340767725,0.9234745176346462,0.9292849859731458,-11.114218771663417,-12.193459093047181,-19.599790400477104,-18.22455008099132,-16.087283978284688,-12.653889251420111,-19.482247759834564,-18.00298908321659,3.566001360768248,14.793720103066544,6,0.1,0.088,1.1363636363636365,0.282,0.16199999999999998,1.740740740740741,0.23899999999999996,0.187,1.2780748663101602,0.34604032129818796,48401742.09674444,4429.933085152877,1209742.491638293,273.08369412910554,0.3902429916187843,0.6591167316063598,2532.1808726723657,0.902582505950899,0.6996839032936649,6.671671671671672,4252.346334528686,4.78978978978979,0.5671342685370742,0.7587717130455469,0.9062872277342007,0.5509521381565607,0.1329032817241613,-0.23010877506031763,0.9,0.9,0.09090909090909091,0.9090909090909091,0.12216116542174539,0.12215989770418778,0.9999999999978257,0.14579848118362732
8,94,0.9030517405398842,0.9140779598147405,0.9167993729428899,0.9435735826534176,0.9147511389934636,0.9136862567536785,0.9128985260106318,0.9412029071535621,-24.59882388859259,-21.801125120098675,-21.110616980599872,-14.31715753023741,-21.703547747554097,-21.97465661943599,-22.17520536099184,-14.969179610648297,3.4565465513975044,13.338614103458188,4,0.1,0.07899999999999999,1.2658227848101269,0.269,0.16599999999999998,1.6204819277108438,0.24500000000000002,0.176,1.3920454545454548,0.3497037882448779,49364303.63146506,804.5080148288948,1210182.4325626455,1504.2515553061714,0.40688096665147144,0.6686286325759638,189.96215239124794,0.9078940640794054,0.6770166022733143,6.711711711711711,9749.649183484096,4.729729729729731,0.5831663326653307,0.7662720111167292,0.9065753714711344,0.5624285381209412,0.13504989182635524,-0.2232944413319085,0.9,0.9,0.09090909090909091,0.9090909090909091,0.11799671974973719,0.11799669841474865,0.9999999999978755,0.1472971511380946
8,94,0.9219755021362274,0.8971494658983263,0.9190412567544941,0.942005044128766,0.9214030049698864,0.8970950338712717,0.9191685249079911,0.9414024482170755,-19.790888914213724,-26.088005061277983,-20.53515931629076,-14.710401997540316,-19.9918847472905,-26.174845768354743,-20.560245762242943,-14.904838299082229,3.4926618127390303,14.612697664046902,7,0.1,0.07999999999999999,1.2500000000000002,0.279,0.148,1.8851351351351353,0.23000000000000004,0.17800000000000002,1.2921348314606742,0.3465959306666836,47883040.12184462,6.952629961294675,1172571.6303667186,168651.52278985517,0.37000135338757845,0.6643168532102308,279.81550933438484,0.8996138066979001,0.6766249894081817,6.691691691691691,5607.234882852038,4.729729729729731,0.6012024048096193,0.8070805055523362,0.9055252238745122,0.5301376753219119,0.13878538110029412,-0.23544766210754187,0.9,0.9,0.09090909090909091,0.9090909090909091,0.11722411063947323,0.11722616132232185,0.9999999999976433,0.14587576788684423
8,94,0.9143497760124787,0.8869240589291661,0.9024828874815266,0.9128317253644004,0.895412890738247,0.8780918105294917,0.9010304147574935,0.9117833998060112,-21.7186184669155,-28.673050782245014,-24.72774573353786,-22.10355573040553,-26.575340686826138,-30.976586795077168,-25.14794092712654,-22.415632489864777,3.4591512748197943,13.336243498326692,5,0.1,0.07600000000000001,1.3157894736842104,0.27,0.163,1.656441717791411,0.24000000000000005,0.157,1.528662420382166,0.344470235687772,49152671.395635925,22285.14834691809,1211705.326097475,54.37277361741444,0.39868899180782114,0.6616483932738735,226.16190405604667,0.9042375029894925,0.6906227348573666,6.751751751751752,7742.636826811277,4.729729729729731,0.5901803607214429,0.7999296163992121,0.9133222209063158,0.5891285174454048,0.1262824982728207,-0.22233190444469214,0.9,0.9,0.09090909090909091,0.9090909090909091,0.11781454405986853,0.11781521198223395,0.9999999999978929,0.14853811713011045
8,94,0.8881221321080169,0.9191060925703908,0.9162405378552229,0.9235484327274722,0.8863542326497198,0.9144345706764823,0.9146521029451986,0.9235314962736791,-28.367024985766307,-20.510933364117392,-21.237504791825785,-19.384562468732867,-28.86551050006514,-21.733231744283643,-21.6779795326691,-19.422653818976073,3.4943999838411743,13.6788151559463,5,0.1,0.077,1.2987012987012987,0.27299999999999996,0.149,1.832214765100671,0.261,0.16099999999999998,1.6211180124223605,0.3552188465792646,50940288.663582854,9636.511616991607,1237825.5078083687,128.4516178682096,0.44938249251421725,0.6638932146554477,281.9550477104109,0.9102142108704898,0.6783443096533945,6.691691691691691,3877.8284145894613,4.76976976976977,0.5781563126252505,0.7816957573268105,0.9106224829689918,0.5742852755068343,0.1266161905664057,-0.21734651268513713,0.9,0.9,0.09090909090909091,0.9090909090909091,0.11572268023486285,0.11571815725593308,0.9999999999980387,0.14859840767324753
8,94,0.8984809441888795,0.897530605760772,0.9023632311481111,0.9236848833693355,0.9018645510090395,0.9033460657152669,0.9045880298552316,0.924790014462453,-25.75005879754218,-25.991109802260553,-24.765326259690937,-19.357141619176076,-24.953941728629957,-24.57722126696771,-24.261413869168138,-19.12444092132216,3.4483760651957067,13.224677272705815,7,0.1,0.08499999999999999,1.1764705882352944,0.2720000000000001,0.158,1.7215189873417727,0.24800000000000005,0.16699999999999998,1.4850299401197609,0.3458032662642564,49692194.39125259,640.7573924380201,1207867.146945075,1885.0615868031687,0.4032254567925747,0.6640411303263485,167.77453529282474,0.9084033726407202,0.6498658344891913,6.751751751751752,2940.820170587067,4.729729729729731,0.5751503006012024,0.7551073421105371,0.9133403123015197,0.5644422167946195,0.1252347468808712,-0.2148205059006429,0.9,0.9,0.09090909090909091,0.9090909090909091,0.11586131954425585,0.11586557658696355,0.9999999999979049,0.14825344641081417
8,94,0.8748285490906531,0.9288205645942169,0.9043823815453551,0.9240430099690256,0.8674275001629882,0.9225732776209704,0.9039552871577794,0.923567883584886,-31.746736073073322,-18.052956430890333,-24.25111536986077,-19.264668563799006,-33.702091365539104,-19.683135453886763,-24.416132239831228,-19.430290398465758,3.6400586616848463,15.751069942865662,6,0.1,0.068,1.4705882352941175,0.275,0.13699999999999998,2.007299270072993,0.24300000000000002,0.15500000000000003,1.5677419354838709,0.3417122409048393,50252420.8574262,6405.578264874646,1234533.4092423,192.72786283978988,0.4004723325777255,0.6545679269934042,149.63408280985618,0.9038221599911341,0.6862346901438103,6.731731731731732,2808.331998823175,4.66966966966967,0.5841683366733467,0.8098860889211746,0.9105502707825498,0.5997629057600533,0.12754499387936652,-0.2258987501820064,0.9,0.9,0.09090909090909091,0.9090909090909091,0.11774306160710417,0.11774679663292993,0.9999999999979998,0.1476394017135635
8,94,0.8524287042865876,0.8481010315890015,0.8833812200105996,0.9228153128367215,0.8596676838531268,0.8485568624825224,0.8797929007383156,0.9210207021826896,-37.43617355054852,-38.53402598447599,-29.584079111257893,-19.58036168294393,-35.70377352728971,-38.53062240152221,-30.583454803950644,-20.094152509122154,3.1991604614381703,10.899527244187457,3,0.1,0.082,1.2195121951219512,0.27,0.14699999999999996,1.8367346938775515,0.264,0.177,1.4915254237288138,0.35317706654660175,47010396.30894298,20092.04659626031,1152004.502424954,57.33634435425678,0.3838781774017006,0.6810893622883134,68.08941198305253,0.9025970677779028,0.700855906470847,6.711711711711711,5607.234882852038,4.729729729729731,0.5861723446893787,0.8441969859243911,0.9194358993124842,0.5810839822766121,0.12311778953472266,-0.20834429202590343,0.9,0.9,0.09090909090909091,0.9090909090909091,0.11402391707711496,0.11402331130582574,0.9999999999974921,0.14807120315754285
8,94,0.9101435019697698,0.9089222624177206,0.920974320229458,0.9301830849998158,0.8980692357890258,0.9076828806813048,0.9203593302851025,0.9291167223045987,-22.793375480718595,-23.10316021829425,-20.045984777005174,-17.710050952233132,-25.928189458874016,-23.48276085754003,-20.258244789821305,-18.03062174387651,3.887004087086383,19.130099762638473,6,0.1,0.09,1.1111111111111112,0.276,0.16299999999999998,1.6932515337423317,0.24900000000000003,0.184,1.3532608695652175,0.3397470720482968,49374060.9177739,10225.599272529937,1226912.9351959587,119.98445298868099,0.3955610672092522,0.6462737063957515,343.381134746683,0.8926602654308848,0.6896530597258231,6.711711711711711,6438.857427240426,4.76976976976977,0.5721442885771543,0.8071494406183789,0.9090280039268935,0.6100918260510307,0.1294120305184846,-0.21453029302016352,0.9,0.9,0.09090909090909091,0.9090909090909091,0.11438518429984627,0.11438456624604028,0.9999999999979883,0.1450955715885209
8,94,0.933343550214831,0.8963216420051449,0.9083991488176292,0.9356446106701126,0.9225106556824919,0.8961794134683372,0.9082194690688997,0.9349041213968731,-16.907263782474672,-26.297790428419717,-23.23435704468224,-16.32360479340076,-19.71188118118249,-26.41007075098483,-23.347299378953778,-16.55920869780283,3.4611925618467203,13.991774616544522,7,0.1,0.079,1.2658227848101267,0.275,0.151,1.8211920529801326,0.253,0.15299999999999997,1.6535947712418304,0.3474227899685264,47853742.76964943,908.5259010901354,1179740.1402175766,1298.5211965911074,0.3894537875140295,0.6700946954285013,681.852301367347,0.9003854094465514,0.6724286106417894,6.691691691691691,3536.2955013550463,4.76976976976977,0.5841683366733467,0.7584312992219979,0.9101719618086282,0.56761569359424,0.1277218946790374,-0.23414178410623693,0.9,0.9,0.09090909090909091,0.9090909090909091,0.1145810548573469,0.1145819510275156,0.9999999999976926,0.1463737708238867
8,94,0.8652461869512714,0.8522424819525131,0.8818527280268817,0.9198561546392212,0.8597681737818653,0.8475796963463361,0.8817683693893391,0.9192871298420577,-34.17431481194234,-37.472126564315516,-29.962803836366902,-20.32492394562871,-35.66002143024673,-38.75947023780168,-30.06551789998693,-20.524746465554728,3.3862367941353466,12.732266503657081,6,0.1,0.073,1.3698630136986303,0.277,0.14399999999999996,1.9236111111111118,0.23900000000000002,0.15799999999999997,1.5126582278481016,0.3542936666025398,50932144.80706933,7328.821668179677,1241940.146849698,169.4597307834575,0.4164650683200046,0.667166712677901,287.8336874657346,0.9108066122215127,0.6789716674777274,6.631631631631631,5354.620899273613,4.569569569569571,0.6062124248496994,0.7888380591865051,0.9142628135120062,0.5316909119653986,0.1302939355529976,-0.22636291963751815,0.9,0.9,0.09090909090909091,0.9090909090909091,0.11795751903331156,0.1179557163552641,0.9999999999980007,0.1494055421914534
8,94,0.8803105357938267,0.8948105440823508,0.9150749231422453,0.9239596916385624,0.865890954663736,0.8872098164364313,0.9115694280629658,0.9230141520152039,-30.349921838916714,-26.67312270593459,-21.534639342665827,-19.28170896814595,-34.08888591440086,-28.66989090946234,-22.477974327147308,-19.56886489197518,3.346721798495542,12.243626137031681,6,0.1,0.074,1.3513513513513515,0.279,0.14800000000000002,1.885135135135135,0.253,0.156,1.6217948717948718,0.3558549841190304,47864238.22674758,7430.918236742665,1178283.4371946885,158.5649847913261,0.39285249914440645,0.669694546047312,1201.6375173971464,0.8997781436087424,0.6987619661957396,6.691691691691691,4452.9585099426595,4.74974974974975,0.5991983967935872,0.8130964843734039,0.9092451697249977,0.6041811957521211,0.1293194788523662,-0.2298713970299087,0.9,0.9,0.09090909090909091,0.9090909090909091,0.11244176565351166,0.11244247897102029,0.9999999999976812,0.14677850001677228
8,94,0.8987856721402716,0.895916569440894,0.9057870646812869,0.9296396344446556,0.9046105996080952,0.894228843679956,0.9061969008206431,0.9276438517963265,-25.67801210542069,-26.405901678015738,-23.901763166909234,-17.850381034746988,-24.27310141466438,-26.914877266810322,-23.869445976552953,-18.411984099978696,3.21120146430763,10.950695913814599,5,0.1,0.08399999999999999,1.1904761904761907,0.28200000000000003,0.16199999999999998,1.7407407407407411,0.261,0.179,1.458100558659218,0.34675650245858325,46416583.18717754,5629.629578068785,1141606.6289460373,202.7853898937449,0.374141263155538,0.6790696351021992,79.98086454044292,0.9001663169173219,0.670686008361256,6.651651651651652,3376.980310825095,4.74974974974975,0.5971943887775552,0.7624022470031493,0.9068263960745522,0.563334085845921,0.1328933071521734,-0.22019749523316454,0.9,0.9,0.09090909090909091,0.9090909090909091,0.11829458231626623,0.1182947716106854,0.9999999999974705,0.14599208333849875
8,94,0.9365177565301264,0.9086865766877396,0.924809558812941,0.9233934742370786,0.9371274573968457,0.9100862785795033,0.9270007138776599,0.922139387583174,-16.103663409035676,-23.163652595946303,-19.073704555320433,-19.432925466900826,-15.997739367040367,-22.878290287780004,-18.574460408518803,-19.811411036207033,3.8537241079230724,17.882307270033323,5,0.1,0.07699999999999999,1.2987012987012991,0.28300000000000003,0.14700000000000002,1.9251700680272108,0.253,0.15399999999999997,1.6428571428571432,0.3267793966978244,48241434.61326028,9181.611120885704,1197721.2388294397,130.44782915113285,0.37033539906029034,0.6342501674884868,297.4674301281193,0.8996653710032281,0.6539510382007965,6.691691691691691,20384.933982524642,4.68968968968969,0.5841683366733467,0.7242413904843363,0.9114851301017746,0.582855569122001,0.12435299551641806,-0.20965472934005694,0.9,0.9,0.09090909090909091,0.9090909090909091,0.11490411183187847,0.11490112610535533,0.9999999999979128,0.14466165785019355
8,94,0.8389031382509765,0.8784564232645211,0.9078269350053849,0.9369027286767544,0.8350014424619324,0.8789178301153008,0.905300687047139,0.9353628134177883,-40.851091747814394,-30.821133016941985,-23.373331385178915,-16.000264635063672,-41.94935156575755,-30.78401768249492,-24.07642122070513,-16.43340465890489,3.258800498847604,11.536947586572897,5,0.1,0.088,1.1363636363636365,0.28400000000000003,0.17099999999999999,1.6608187134502927,0.253,0.15899999999999997,1.5911949685534594,0.3473925303608997,46878627.66701715,2865.9093826835274,1161559.1006061225,405.30210327811665,0.36413652988121614,0.6719502369681067,147.44800231184877,0.9037608502573302,0.6999649301180172,6.631631631631631,2560.9931002584617,4.76976976976977,0.5871743486973948,0.7996809382282344,0.9123696237956147,0.5813020736389842,0.12807988555641678,-0.2256956586773806,0.9,0.9,0.09090909090909091,0.9090909090909091,0.11543800945662847,0.11543733410341897,0.999999999997548,0.1462414969881048
8,94,0.8759584620229365,0.8858940009886848,0.899766802201578,0.9201433798556641,0.8717145832103054,0.8836827298574526,0.9004755532789928,0.9205250931230978,-31.455538742865627,-28.93599782161283,-25.418011482996747,-20.250740596984087,-32.60284703464856,-29.561225748381446,-25.293446393617558,-20.19799519573084,3.513024731975057,14.335004364462861,5,0.1,0.074,1.3513513513513515,0.275,0.15799999999999997,1.7405063291139244,0.258,0.16799999999999998,1.5357142857142858,0.3513518032265477,49042500.69679702,17311.375260049765,1190941.1713595835,68.79529520152981,0.38168267700493574,0.662378056862299,1096.8663029327276,0.9066888453252524,0.6823688434852875,6.691691691691691,11195.643194838794,4.76976976976977,0.5841683366733467,0.7740208990255345,0.9122934160572086,0.58447800290343,0.12836209881456515,-0.21335657228607988,0.9,0.9,0.09090909090909091,0.9090909090909091,0.11357649793407733,0.11357582502603039,0.9999999999977687,0.14734554676990796
8,94,0.8550522065062134,0.8728151887567649,0.8909279762297693,0.9346840733537991,0.8542775891475792,0.8711298608878179,0.8930405647627984,0.9365288812541471,-36.75884726865013,-32.25414432805826,-27.660730573483022,-16.564158128429682,-37.03662715188409,-32.753474674139596,-27.184677360767978,-16.131740795064275,3.7348577633165108,17.839978946380416,6,0.1,0.07599999999999998,1.3157894736842108,0.28400000000000003,0.13800000000000004,2.0579710144927534,0.24100000000000002,0.15700000000000003,1.5350318471337578,0.33912710339023455,49145669.48959584,6424.3999120261715,1216168.7141626144,189.3046402491234,0.3660808683996418,0.6523568083669964,114.84100415150037,0.8992364930248509,0.6729423094578624,6.651651651651652,10209.606623060476,4.74974974974975,0.6092184368737475,0.8144157974360031,0.9115770791934987,0.5938054592675115,0.12858502711609,-0.20958974294541835,0.9,0.9,0.09090909090909091,0.9090909090909091,0.11527293999661405,0.11527375950211696,0.9999999999978683,0.1449994584745217
8,94,0.8820963827679864,0.916674679568203,0.9060304846828054,0.9089207955169446,0.8903691421689474,0.9174342227590728,0.9060978320818897,0.9068042602937995,-29.89877584628502,-21.130183588919778,-23.829408637430532,-23.096464578674784,-27.87738942460686,-20.995168430021295,-23.877832889915737,-23.6981993929829,3.9693609824485563,18.547603442904332,7,0.1,0.085,1.1764705882352942,0.28600000000000003,0.15199999999999997,1.8815789473684217,0.238,0.142,1.676056338028169,0.3283638736242569,48267802.393262185,16858.452216934107,1196100.6169986592,70.9496104154325,0.3842300341130156,0.628159266673463,512.5674727937057,0.9051208871430002,0.6605830956924127,6.771771771771771,8107.909806731695,4.729729729729731,0.5731462925851704,0.7937087685195814,0.9129425335106006,0.5880117338584215,0.12490781193783909,-0.2152516032452549,0.9,0.9,0.09090909090909091,0.9090909090909091,0.11906078676236902,0.1190586083776483,0.9999999999979459,0.14588524771425934
8,94,0.8837376163528797,0.8695888360270204,0.8996113334531128,0.9342125059323314,0.9158670636719308,0.8671983068067503,0.8968858812742108,0.9343061441348718,-29.492760414131226,-33.08194012310133,-25.46600884898328,-16.688586109440962,-21.39856392236831,-33.7770871292698,-26.22628137271286,-16.70872592102549,3.675974186678273,16.555776026766207,5,0.1,0.08199999999999999,1.2195121951219514,0.274,0.16599999999999998,1.6506024096385545,0.24000000000000005,0.162,1.4814814814814816,0.34767127490436656,49938842.1728223,8561.090880987816,1233738.2356309448,144.10993327623578,0.38429980308041145,0.6572791503447771,98.57968056763207,0.9022462096668684,0.6771182280154312,6.751751751751752,6742.622241778349,4.68968968968969,0.5651302605210421,0.8389783413250875,0.9133992513380169,0.5861959365021758,0.12853533930299213,-0.2260994882462979,0.9,0.9,0.09090909090909091,0.9090909090909091,0.1218966208243687,0.12189415832162172,0.9999999999979396,0.1465257602263371
8,94,0.8752743153011876,0.8796578803825077,0.9145180886076473,0.9311813065435112,0.8741567576409348,0.8813404477580795,0.916242369398384,0.9323435325375177,-31.62415217671341,-30.512700838178375,-21.673907669907834,-17.448954798091535,-31.988226078061246,-30.16219633475336,-21.29044017955752,-17.197668593580858,3.6371499821870374,15.43809172595168,5,0.1,0.09,1.1111111111111112,0.284,0.16599999999999998,1.7108433734939759,0.263,0.16699999999999998,1.574850299401198,0.33626136050971045,49849660.62167288,8667.665737932834,1226393.7257273137,141.49065767040048,0.39891175588726224,0.6571390839785795,363.40789837813907,0.9031594815655547,0.6876720487930624,6.691691691691691,3456.637906090071,4.649649649649651,0.5981963927855711,0.7715608586021295,0.904210020935278,0.5811483140476711,0.13279830078239108,-0.21093933082589184,0.9,0.9,0.09090909090909091,0.9090909090909091,0.11929750079488384,0.11929829154858554,0.9999999999980287,0.14588501922213867
8,94,0.9148878568611655,0.889404617981637,0.9060272706387472,0.9283030237209839,0.9279319725257386,0.8862283732235863,0.906007300798885,0.9273507815162289,-21.589149694521154,-28.053109343310183,-23.836684714582447,-18.186320969586234,-18.332922717101184,-28.941633539724506,-23.910199166214056,-18.480768165833922,3.5524740674107385,15.618141130172667,3,0.1,0.08499999999999999,1.1764705882352944,0.28200000000000003,0.152,1.8552631578947372,0.259,0.16,1.61875,0.34484267591945095,49652657.41559156,7700.244246545304,1200705.578342065,155.93084321718217,0.38926798751513925,0.6666149684276518,114.6044996984595,0.9028026514193112,0.6846457444633434,6.651651651651652,4663.0349297427365,4.68968968968969,0.5951903807615231,0.7919999740606244,0.9094964878581561,0.5506376941634944,0.13444958823730127,-0.227603478903681,0.9,0.9,0.09090909090909091,0.9090909090909091,0.1111555288192891,0.11115691343270773,0.9999999999978232,0.14794201294849782
8,94,0.8806137515018382,0.9000729320913843,0.9185387421294365,0.9325309879663514,0.8746303761959981,0.9015758176361353,0.9199420483369736,0.9329599053918619,-30.272353054755655,-25.33815676017943,-20.655845958508024,-17.107881169158418,-31.850818703380952,-25.00518621162118,-20.339147768119062,-17.031892051933823,3.790020016052267,17.463946247555604,5,0.1,0.08299999999999999,1.2048192771084338,0.288,0.16799999999999998,1.7142857142857144,0.255,0.193,1.3212435233160622,0.3325343882797104,47384636.66690977,2771.3659730429567,1174281.0367282766,423.7192229934603,0.37765307730919584,0.6477219591690508,142.22985699296498,0.9033456583748382,0.6849353138386197,6.731731731731732,15459.277364194784,4.70970970970971,0.5981963927855711,0.7607207455168241,0.9102001525862984,0.580551050020023,0.1275440865602988,-0.21992187650562098,0.9,0.9,0.09090909090909091,0.9090909090909091,0.11273180946772371,0.1127316948118354,0.9999999999978023,0.1452083874764445
8,94,0.9408903636617584,0.8898023053094685,0.900848440239875,0.9247650145034058,0.9459204409514245,0.8914634045315972,0.8993591639991132,0.9258032385842703,-14.991644651218365,-27.94882158858914,-25.147252506037916,-19.081426274565047,-13.750763804032431,-27.597508460438036,-25.589860369340585,-18.86594785906857,3.336295823435051,12.05627985834605,5,0.1,0.08499999999999999,1.1764705882352944,0.275,0.156,1.762820512820513,0.24499999999999997,0.15899999999999997,1.5408805031446542,0.3560943586246692,49756718.53396125,8123.282976680574,1229401.7071703414,151.3429620388176,0.417644647178117,0.6705941667063698,150.60948637578704,0.9119574486355796,0.6970860334356073,6.691691691691691,4060.77202570037,4.78978978978979,0.5661322645290581,0.7592940494379649,0.9100821246155342,0.5633215920688317,0.13087290160790876,-0.22223168604367177,0.9,0.9,0.09090909090909091,0.9090909090909091,0.11556507749986207,0.11556411175927506,0.9999999999979114,0.1477818489712282
8,94,0.8850985555088473,0.8904998905227317,0.9080755818039179,0.9213339428160443,0.8830943030189331,0.8835994028124601,0.9075950881774388,0.9197043890182581,-29.14043011620754,-27.770584626419634,-23.313171529555717,-19.950686886822893,-29.728097414998558,-29.59965495022547,-23.497761796247914,-20.41847238333162,3.6138310220783803,15.409310193950372,5,0.1,0.08499999999999999,1.1764705882352944,0.26400000000000007,0.146,1.8082191780821923,0.252,0.185,1.3621621621621622,0.3410308624955952,47003424.04552113,6082.343759570472,1161564.1932666176,190.97312470031224,0.3698612869047654,0.650868414678541,511.66251319475236,0.8984594115600862,0.685424436093584,6.711711711711711,4060.77202570037,4.66966966966967,0.5921843687374749,0.7791500485292645,0.9023379374609447,0.5718471050299712,0.13750584387351789,-0.2285286223937602,0.9,0.9,0.09090909090909091,0.9090909090909091,0.11593316972607721,0.11593432800016387,0.9999999999976462,0.14518266887255274
8,94,0.8588176386496346,0.9137655767466694,0.9038825920452951,0.9255550589416044,0.8529786315388892,0.9138047359502073,0.9046856195074504,0.9259771543075658,-35.81007740671865,-21.872855378598018,-24.37961644832788,-18.88252240819213,-37.384453798898875,-21.91764979663978,-24.236450056148982,-18.822458829063464,3.1774931817029874,10.640638278922353,6,0.1,0.081,1.2345679012345678,0.29500000000000004,0.14200000000000004,2.077464788732394,0.238,0.16699999999999998,1.4251497005988025,0.3544960196144241,45980271.98597079,4221.583145416982,1137124.4740633713,269.3597247510929,0.3716030056983186,0.6807101116090242,173.0966321967084,0.8957305600415559,0.6700714719018405,6.631631631631631,4883.022086877884,4.70970970970971,0.5681362725450901,0.7882775552942092,0.9125900235208845,0.5762233901042634,0.1265260148468527,-0.23620940034135138,0.9,0.9,0.09090909090909091,0.9090909090909091,0.11620629387122644,0.1162045824438854,0.999999999997415,0.14881222821444404
8,94,0.8933269921824778,0.8956109649365263,0.9069958473668108,0.930443811779408,0.8898375471794545,0.894796210052458,0.9065728722083447,0.9292032717519739,-27.061831035069844,-26.48241093599009,-23.594184842191993,-17.645680492005255,-28.02721143289793,-26.76564282029156,-23.769458623535144,-18.011898070181502,3.652082369244301,16.36468501330241,6,0.1,0.079,1.2658227848101267,0.29100000000000004,0.153,1.9019607843137258,0.23199999999999998,0.186,1.2473118279569892,0.33005099732117027,47191047.057391204,9535.544253708853,1162971.4142899779,121.96172377236252,0.34733122375378933,0.657513799159652,95.17157356615527,0.8953996206610321,0.6921249701232495,6.771771771771771,5354.620899273613,4.74974974974975,0.6012024048096193,0.7885958339290216,0.9088773634968719,0.5782701993612699,0.1325743685866696,-0.225593195348793,0.9,0.9,0.09090909090909091,0.9090909090909091,0.11636343358344775,0.1163614085494693,0.9999999999976591,0.14388114804498478
8,94,0.8871205141296866,0.892218591083947,0.8833304322584281,0.9254779266932437,0.8936687634751673,0.8987393743027519,0.8880014575768034,0.9250719581969329,-28.628367094497662,-27.33539860339164,-29.589603357154374,-18.900203653655808,-27.034186137882017,-25.745008644740892,-28.475070374386746,-19.050080627794216,3.482770978889753,13.436098762248786,4,0.1,0.06700000000000002,1.4925373134328355,0.28,0.16799999999999998,1.666666666666667,0.24300000000000002,0.16799999999999998,1.4464285714285716,0.33947895592336674,47577447.358313076,10358.616064408447,1176688.7226445558,113.5951670887373,0.3904410369501752,0.6584026496852098,95.70521254651243,0.9027572489808271,0.6875894704664686,6.671671671671672,10209.606623060476,4.70970970970971,0.5801603206412825,0.80512738436818,0.9110713787769075,0.5936976126726797,0.1278340319170555,-0.21184952716819197,0.9,0.9,0.09090909090909091,0.9090909090909091,0.11709655674480382,0.11709427026388224,0.9999999999977154,0.14616775915399322
8,94,0.9051428667216699,0.9130388028530874,0.9126438050349268,0.934864210225366,0.9018680997277716,0.9176707042046978,0.9112942343026411,0.9343653340159802,-24.063654223899704,-22.060588452526332,-22.160792734343687,-16.523850854087357,-24.969391993386353,-20.948462768473775,-22.570937988833293,-16.700560151832434,3.760556077908881,16.12015656826387,5,0.1,0.071,1.4084507042253522,0.271,0.14699999999999996,1.8435374149659869,0.238,0.17099999999999999,1.391812865497076,0.3469179125293277,51719314.221999675,2155.2790353673336,1285410.0309778638,596.4007489910864,0.4231652810859414,0.6411118194584999,165.6361727783612,0.908759548298333,0.6799199065647089,6.831831831831831,5354.620899273613,4.70970970970971,0.6082164328657315,0.7497781228421838,0.90757072965338,0.5468574606126778,0.13406626791948895,-0.19439183675788693,0.9,0.9,0.09090909090909091,0.9090909090909091,0.11951271456969166,0.11951327246693115,0.9999999999982375,0.14951084706325884
8,94,0.9217438038720317,0.9159186107022501,0.9248264106455306,0.9397944350774614,0.9134722838327274,0.9147128647547587,0.926219542327365,0.9383416879191739,-19.84866439260648,-21.326148732121595,-19.066801353908517,-15.270357004838672,-22.010039816154688,-21.69447346702924,-18.7675219335446,-15.684013909166026,3.70132034825256,15.792099471889415,5,0.1,0.086,1.1627906976744187,0.285,0.14400000000000002,1.9791666666666663,0.236,0.183,1.2896174863387977,0.3271224731477953,48891400.08601178,9386.692716714677,1211355.3261633157,129.05028029800974,0.3747899532274127,0.6425694068459291,338.83195171605087,0.9026987394580873,0.7122494167528481,6.771771771771771,6148.77765381003,4.84984984984985,0.5681362725450901,0.7469507540805318,0.9033297505224277,0.5581385499566546,0.1327135203401011,-0.22356857719697815,0.9,0.9,0.09090909090909091,0.9090909090909091,0.11702019186139508,0.11702079052997653,0.9999999999979622,0.1440614957322942
8,94,0.885801131377466,0.8840445768376735,0.8978277728946337,0.9250962657878287,0.8737331184797319,0.8780978726785035,0.9004675915606735,0.9234466006474663,-28.968338294105337,-29.41391596711142,-25.91759160796434,-19.000509710144115,-32.12121953788446,-31.010863234160098,-25.320197221318068,-19.474532968325235,3.5399389438347244,14.128561404594887,5,0.1,0.08800000000000001,1.1363636363636362,0.278,0.152,1.8289473684210529,0.22800000000000004,0.14900000000000002,1.5302013422818792,0.353379958352518,48954026.60605631,14408.011924320388,1200947.378513455,83.35274740342793,0.4057841757854368,0.6594516206735015,139.103115751422,0.8986628832062793,0.6757042274923307,6.711711711711711,4156.559180114528,4.78978978978979,0.5751503006012024,0.782369682266568,0.9093075623560531,0.5768049137594136,0.12953562842176294,-0.22110300864490773,0.9,0.9,0.09090909090909091,0.9090909090909091,0.11435428296035184,0.11435262152044931,0.9999999999978761,0.14787361242882324
8,94,0.8993924444397691,0.8748416267200165,0.8790884948453785,0.9194243404857502,0.883433486133357,0.8736837942474378,0.8748020713430815,0.9197073085531988,-25.52044047847636,-31.748080925816026,-30.670806514269913,-20.439084432543694,-29.662912168955813,-32.14393561636939,-31.859365424053408,-20.432240573998087,3.511214554221068,14.511395602110127,6,0.1,0.08,1.25,0.293,0.14500000000000002,2.0206896551724136,0.229,0.164,1.396341463414634,0.3457919416921119,48851063.15139651,5297.867851433796,1195677.8000225585,225.6903783847618,0.3915322406364288,0.6620230179330601,216.80457890230815,0.9068132148294193,0.6710180264861098,6.691691691691691,5607.234882852038,4.74974974974975,0.593186372745491,0.8030868444250104,0.9084077888701354,0.5602287933176979,0.13319727862437483,-0.22557185404778976,0.9,0.9,0.09090909090909091,0.9090909090909091,0.11286351186077703,0.1128627469364919,0.9999999999978041,0.14536347111911183
8,94,0.905746817099167,0.8884934515049276,0.8970368263459755,0.9230154805516546,0.9032395112304471,0.8880980984841896,0.9014434994600667,0.9229389113351856,-23.903381753864693,-28.278977056274925,-26.11230698735227,-19.523906788885313,-24.584838165153826,-28.431957859279123,-25.041167595471933,-19.57962819066674,3.358532941711646,13.096145596662424,5,0.1,0.08399999999999999,1.1904761904761907,0.284,0.156,1.8205128205128203,0.238,0.154,1.5454545454545454,0.3455827556132667,47164744.85424314,13986.641695495391,1155459.5911995666,82.61165305833921,0.37229610482926545,0.6802315219303307,69.11735167236588,0.9041352973178852,0.6746188827943292,6.631631631631631,3224.8424984084454,4.649649649649651,0.593186372745491,0.8111083021403721,0.9124970299341664,0.5741137876461815,0.1284831412166446,-0.2225548962892568,0.9,0.9,0.09090909090909091,0.9090909090909091,0.1151028622549065,0.11509628880679734,0.9999999999975548,0.14628741318439864
8,94,0.8573966543259756,0.8816053037848933,0.8924747803753852,0.9204573077440739,0.8477907208429488,0.8857992323195276,0.8917113100533164,0.9188252166420552,-36.16430872603661,-30.024978202375735,-27.268471296797742,-20.17208268184001,-38.69188291816562,-29.03004834349335,-27.527187146425177,-20.634781473160672,3.852810345738109,16.971876249976322,6,0.1,0.069,1.4492753623188406,0.285,0.14500000000000002,1.9655172413793098,0.258,0.17099999999999999,1.5087719298245617,0.32486426917293776,49794487.32112866,17445.853180449663,1230808.6646028329,70.55021338721991,0.3834488431898101,0.6372762900012845,66.47834747998338,0.9119969839435023,0.6843824926128592,6.771771771771771,6148.77765381003,4.74974974974975,0.5801603206412825,0.806147925826166,0.9146157698573426,0.6002197724961693,0.12305857767851346,-0.2040662383788208,0.9,0.9,0.09090909090909091,0.9090909090909091,0.11650323154407195,0.11650218864714028,0.9999999999980986,0.1443372191741984
8,94,0.9166671758141183,0.920823706203621,0.9204630568560586,0.9358710079718655,0.9197366555261488,0.9245601185313899,0.9206449873091879,0.9348718578548741,-21.137864799505167,-20.083536228900584,-20.175017073613105,-16.266698944410763,-20.41762659869238,-19.190619834904908,-20.186562477263237,-16.56748913346067,3.5284534848162683,15.42375465819045,5,0.1,0.07899999999999999,1.2658227848101269,0.27599999999999997,0.161,1.714285714285714,0.259,0.158,1.639240506329114,0.3493297886318659,49829177.03800898,7156.043116731537,1215724.5922576683,169.88782381916954,0.39050939133715123,0.6672101423618764,469.0719864069596,0.8978472181991712,0.6721313689141397,6.651651651651652,11723.818032865998,4.70970970970971,0.5811623246492986,0.7741215859133556,0.9061972878802647,0.5571701101295187,0.13773419737274809,-0.2103522166373913,0.9,0.9,0.09090909090909091,0.9090909090909091,0.11375186794151895,0.11375303138137219,0.9999999999978342,0.14785430832071322
8,94,0.9015850502141491,0.8900393892125141,0.9062241643718525,0.9180770973205703,0.8959757780434502,0.8847267451745942,0.9055294431724946,0.9147248906337165,-24.956161932249984,-27.883922259300334,-23.779770699070866,-20.77409204268821,-26.438610152907074,-29.29764422231014,-24.01046771523778,-21.67336923917003,3.8079493974273775,17.37363309355764,7,0.1,0.08499999999999999,1.1764705882352944,0.277,0.15200000000000002,1.8223684210526314,0.267,0.179,1.4916201117318437,0.33697313351051394,48915717.153305955,5568.632199273435,1227554.5386224275,220.44094396871682,0.40459344821694476,0.6458939307110476,106.35974384164153,0.9047323748236414,0.6719939175619447,6.711711711711711,5607.234882852038,4.70970970970971,0.5861723446893787,0.801397535995691,0.9130773998251949,0.59234909573144,0.1269331260647175,-0.2138619749677552,0.9,0.9,0.09090909090909091,0.9090909090909091,0.12054544872947436,0.12054625503430372,0.9999999999979726,0.14595964415053755
8,94,0.8637224479738306,0.8854697760042005,0.8985180591120606,0.9230237834498218,0.8621704185188267,0.8873555379434694,0.8969375604466132,0.9229929222546103,-34.574708359627124,-29.057236750606762,-25.7467826344257,-19.529483750477397,-35.064684968540234,-28.65743719901269,-26.21971231569296,-19.59106958370043,3.6697816111795802,16.098483165103794,7,0.1,0.08499999999999999,1.1764705882352944,0.26499999999999996,0.144,1.8402777777777777,0.24899999999999997,0.172,1.447674418604651,0.3477295173920407,51338660.32522096,7124.190013589803,1259963.5155091365,176.85709015420468,0.39901646926757517,0.6502865355523921,99.5150202494459,0.905648418326335,0.6766900185553074,6.731731731731732,7742.636826811277,4.649649649649651,0.5971943887775552,0.8349427653891381,0.9160039579561943,0.5978337686589535,0.1245185393669875,-0.21707661366351352,0.9,0.9,0.09090909090909091,0.9090909090909091,0.11356176368630384,0.11356271417766464,0.9999999999980738,0.14747734398016973
8,94,0.9307902322329537,0.8996293585409563,0.9103542772192232,0.9233381486373697,0.9341706983612871,0.9060323433092167,0.9144807483209538,0.9232165256755024,-17.559894275473425,-25.46602754563,-22.74490241864916,-19.450636063697573,-16.75820584123116,-23.921404208186544,-21.770688543697105,-19.546816324998105,3.8355302703098015,17.841996661038525,5,0.1,0.08299999999999999,1.2048192771084338,0.272,0.157,1.732484076433121,0.22399999999999998,0.15299999999999997,1.4640522875816995,0.335510667422371,50242122.90827522,12151.89211710143,1236280.5742437944,101.73564432027581,0.3988801425496429,0.6433350138129063,114.70402101762777,0.8996654461061224,0.6827645292085484,6.751751751751752,5354.620899273613,4.74974974974975,0.5971943887775552,0.7538879968926037,0.9116490221222746,0.5489213590902992,0.13093986403747088,-0.2124020490850958,0.9,0.9,0.09090909090909091,0.9090909090909091,0.12134993480097925,0.12135147454460202,0.999999999998054,0.14792380368045605
8,94,0.9210343438922826,0.9083258443175346,0.8893162626148109,0.9255211601221861,0.9257846722850084,0.9129351272064421,0.8871080506756981,0.9241430115142969,-20.03157233863425,-23.255394454413334,-28.077640349335667,-18.89338153126772,-18.880448529049062,-22.14938477102379,-28.719817107685458,-19.298088558917414,3.107536868549698,9.698980060378474,3,0.1,0.088,1.1363636363636365,0.266,0.15999999999999998,1.6625000000000003,0.254,0.153,1.6601307189542485,0.3563129331464442,48359520.78107531,7439.029760424276,1177322.0229190304,158.26284620911144,0.38517338158913905,0.6866844527327743,209.9205530802477,0.910065004068576,0.6938712826852924,6.671671671671672,5113.387538414331,4.68968968968969,0.5831663326653307,0.7538094439347042,0.912496886286368,0.5502604015061863,0.12625737811762,-0.22941172872055185,0.9,0.9,0.09090909090909091,0.9090909090909091,0.12119459823077224,0.12119333219388004,0.9999999999976182,0.14924158341406826
8,94,0.9069566287479305,0.8983120611631066,0.8873385962377736,0.9223538259834135,0.9131305143836255,0.8987891779548273,0.8866657626843166,0.9216850920006486,-23.60044950793852,-25.793143926231778,-28.576563114642738,-19.694950695612278,-22.096041548855,-25.743890541494835,-28.82759117158963,-19.920107144300175,3.2369773275013713,10.999390508548615,5,0.1,0.08199999999999999,1.2195121951219514,0.275,0.15,1.8333333333333335,0.254,0.17099999999999999,1.4853801169590646,0.35699430913635677,48617575.014998056,13657.919533483962,1192416.871063834,87.30589370807807,0.4054907621254712,0.6752219888917637,103.8412198040614,0.9007875166117032,0.6920696475044089,6.651651651651652,4252.346334528686,4.729729729729731,0.5821643286573146,0.8154430369790376,0.9122819732486342,0.5916754953585801,0.13110695297133101,-0.22734326230571666,0.9,0.9,0.09090909090909091,0.9090909090909091,0.11618690125445395,0.11618643884819986,0.9999999999977148,0.1473352153262744
8,94,0.9008588227933064,0.9087546039254445,0.9240781113994292,0.9230556940295835,0.8962806439791855,0.9005595577063639,0.9211557445051862,0.9229177801095773,-25.139221270440913,-23.137088608953917,-19.251507905946596,-19.510762205879985,-26.347258854459483,-25.26030988069951,-20.02837356888446,-19.580773333395655,3.4995814304302804,13.605778876695329,6,0.1,0.08199999999999999,1.2195121951219514,0.275,0.16599999999999998,1.6566265060240968,0.24499999999999997,0.161,1.5217391304347823,0.34234462247271313,48730682.8526631,18354.600121333584,1216024.1206868119,66.25173594893113,0.39238053961954,0.6585597145615676,460.84776293234256,0.9070993956660274,0.6833179882720185,6.711711711711711,3877.8284145894613,4.68968968968969,0.6182364729458918,0.8302254151572451,0.9126483663988801,0.5942723039400637,0.12941832922508775,-0.21299033160764178,0.9,0.9,0.09090909090909091,0.9090909090909091,0.11448058973305116,0.11448253230465417,0.9999999999978778,0.1460459582577399
8,94,0.9150339218120417,0.8972332235268059,0.9043969249503463,0.9303735084596411,0.9155326641093618,0.9037665922036744,0.9058709693500725,0.9299714259384144,-21.551495261030254,-26.06661085679349,-24.249550677325914,-17.660636273628455,-21.47642772244029,-24.468036137635266,-23.932983111411147,-17.80526866961233,3.423028568577732,13.562200196764362,6,0.1,0.07400000000000002,1.351351351351351,0.29800000000000004,0.147,2.027210884353742,0.25200000000000006,0.16599999999999998,1.518072289156627,0.35397142633724843,48506724.70044088,5137.81341636811,1191898.4682035919,231.98554941805145,0.37492206570193276,0.6681115478219244,827.1765650328571,0.8986744036821892,0.690495462822018,6.731731731731732,1942.1746814890284,4.68968968968969,0.5831663326653307,0.7905110097773322,0.910837581487938,0.5674565916295758,0.1300059179211369,-0.21688460100030876,0.9,0.9,0.09090909090909091,0.9090909090909091,0.1132170505909924,0.11322089547454353,0.999999999997693,0.14590316498626696
8,94,0.9116224479850177,0.8923937384034144,0.8926204451166149,0.9245067805176456,0.8974868049090649,0.8927907566641775,0.8908919150929033,0.9234111601311328,-22.417769549133197,-27.29530655145382,-27.237800332556645,-19.149541464903308,-26.07614326709694,-27.270670729773883,-27.753676500983545,-19.481799970333043,3.2229246138955627,11.12994801876865,5,0.1,0.08299999999999999,1.2048192771084338,0.277,0.16499999999999998,1.6787878787878792,0.253,0.194,1.3041237113402062,0.3512161038417202,44970352.1891957,7850.381293577031,1108733.017624334,141.23301482584918,0.37283452160747976,0.6775669670876137,1585.395464121854,0.8893177204683901,0.6948398407847638,6.631631631631631,3079.5587129142295,4.649649649649651,0.5901803607214429,0.808621314936613,0.9136803873533559,0.5940087372179893,0.1282899287164155,-0.2460359700889122,0.9,0.9,0.09090909090909091,0.9090909090909091,0.1141984124731256,0.1141942559247775,0.9999999999972653,0.14549907370129958
8,94,0.8889394793745795,0.8914047570314588,0.9038400914667787,0.9340673655256804,0.8673334002605387,0.8888636083118702,0.9011918391831794,0.9343594497009788,-28.170060662306213,-27.544752760338554,-24.39057949132865,-16.723551288144478,-33.74066242528227,-28.264955026187835,-25.129556388198466,-16.69414647996183,4.034859156089082,20.880498364178624,6,0.1,0.06900000000000002,1.4492753623188404,0.28900000000000003,0.14400000000000004,2.006944444444444,0.231,0.178,1.2977528089887642,0.32539494919799694,48700243.52700684,12869.171007000085,1214103.9020771547,94.3420443645323,0.36496432849330485,0.628463347030576,120.84687503270466,0.8920075222622894,0.68825100777413,6.731731731731732,1942.1746814890284,4.76976976976977,0.5901803607214429,0.7705493375683786,0.9114655038742442,0.5518625173674867,0.13294789305474264,-0.2274316285397743,0.9,0.9,0.09090909090909091,0.9090909090909091,0.11404226132652344,0.11404171433568315,0.9999999999979452,0.14451369724877094
8,94,0.8299962204148001,0.9077528519509923,0.9137154385174128,0.9272605841382404,0.825198818735898,0.9015688090529377,0.912432357598334,0.9270583645577598,-43.111085972718115,-23.392860676287256,-21.880814398775527,-18.445914664209113,-44.43985195338723,-25.024244811447147,-22.262395689178135,-18.544013586461887,3.460006382258597,13.600360947180981,7,0.1,0.091,1.098901098901099,0.28500000000000003,0.155,1.838709677419355,0.24100000000000002,0.157,1.535031847133758,0.339538034567733,47556448.51100891,2861.5964345788057,1212541.777515832,423.7291334528464,0.36460390259643327,0.6584474652131337,485.5048597061033,0.909903804163688,0.703060657298518,6.691691691691691,4252.346334528686,4.66966966966967,0.6012024048096193,0.7975542357203147,0.9120195936899462,0.5662252701885944,0.12946040699501057,-0.21782366973589248,0.9,0.9,0.09090909090909091,0.9090909090909091,0.11694116019647086,0.11694235056956351,0.9999999999977686,0.1430838162455141
8,94,0.9114494190718956,0.9002446793483195,0.923734645310754,0.9239785597409907,0.9216688796950753,0.9012249683372777,0.9207106749175676,0.9229944555812075,-22.455303207341842,-25.296682961321466,-19.33992578945299,-19.278072186346094,-19.90386795283581,-25.098647633262516,-20.147346933974433,-19.56704029996513,3.91127884551881,20.11122361438428,7,0.1,0.08099999999999999,1.234567901234568,0.29100000000000004,0.154,1.88961038961039,0.24700000000000003,0.158,1.5632911392405064,0.324003685841192,47499770.73554981,134.2663419531763,1178180.1417734642,8774.947798788915,0.37564247740213463,0.6414916110094488,1199.5428947202188,0.9013487397151512,0.6637892488049308,6.691691691691691,10691.263391734772,4.74974974974975,0.591182364729459,0.7923407829324339,0.9131280630967166,0.5967537291991095,0.1242858500474622,-0.23774014592724596,0.9,0.9,0.09090909090909091,0.9090909090909091,0.11467672206860383,0.11467724210446757,0.9999999999977942,0.14425343827624298
8,94,0.9049334040342495,0.8912104139110316,0.9073074001472959,0.9166170405577306,0.8891262840435892,0.8867883515912207,0.9057183525468988,0.9158682746317888,-24.111656763884383,-27.592206627523268,-23.509542226647824,-21.14834635241607,-28.20511787420196,-28.799863525433665,-23.984268560405496,-21.4022341589353,3.2853226862163925,12.242462733949868,4,0.1,0.07400000000000002,1.351351351351351,0.278,0.146,1.9041095890410962,0.24500000000000002,0.174,1.4080459770114946,0.3568611924935956,50679927.645298034,11913.933839315308,1220969.2884156157,102.48246338136326,0.4099598828214258,0.6837678741174886,119.5827778031931,0.9022385169104775,0.6865483945385358,6.691691691691691,7060.71771413778,4.68968968968969,0.5951903807615231,0.7464327887623744,0.9112848832555988,0.5103866681637285,0.1317249679546093,-0.21925492649006156,0.9,0.9,0.09090909090909091,0.9090909090909091,0.11422674700487438,0.11422719109718793,0.99999999999786,0.1507307123852867
8,94,0.8883141314041721,0.9090727211385828,0.9043636134701357,0.9343859732430125,0.8968367955845523,0.9102317903356811,0.9017802894137599,0.9329553288919765,-28.329414198312605,-23.06394333657701,-24.258420877210767,-16.643170390200112,-26.23115991688448,-22.825233827309916,-24.97418483631344,-17.047352293625977,3.8002839400962136,17.689211084695224,6,0.1,0.073,1.3698630136986303,0.2720000000000001,0.173,1.5722543352601162,0.25399999999999995,0.166,1.5301204819277106,0.3379934192352728,48508429.594244644,1970.8032813810298,1202646.8646710475,610.2318156423503,0.3905257501579621,0.6487819634918199,91.6927987740636,0.895017657662075,0.6836922162560574,6.731731731731732,5354.620899273613,4.68968968968969,0.5841683366733467,0.8035934892335923,0.909268949199463,0.559648247310819,0.13196029620980737,-0.23131914750968532,0.9,0.9,0.09090909090909091,0.9090909090909091,0.11873897821226122,0.11874148632042687,0.9999999999978624,0.14465290249845106
8,94,0.8748683738083491,0.8727508133439738,0.9109459800912846,0.9290318958120837,0.8842034344727722,0.8764376258275218,0.9079019066335022,0.9285517703812632,-31.739979117464628,-32.27710411907137,-22.588795640677944,-18.001253667722352,-29.469220994300514,-31.445551899490624,-23.43816549492459,-18.182954379514797,3.3087400924214485,11.550281343620366,6,0.1,0.08299999999999999,1.2048192771084338,0.28300000000000003,0.16399999999999998,1.7256097560975614,0.23000000000000004,0.155,1.4838709677419357,0.34911699999424006,47669113.119971335,5626.312832408869,1183423.9102454572,210.33738178024166,0.37418526519568585,0.6648168194753772,112.23275721640759,0.9037528429961456,0.6860880481748308,6.671671671671672,5607.234882852038,4.729729729729731,0.5811623246492986,0.784111007145883,0.9155896210915871,0.5893946757173559,0.12314747683951334,-0.22384106019590588,0.9,0.9,0.09090909090909091,0.9090909090909091,0.11276086469827112,0.11276202043349899,0.999999999997667,0.14510666623413432
8,94,0.9250934424884898,0.9225088725310608,0.9341556821387788,0.9400275793851914,0.9172962602652837,0.9233923635778493,0.935009736204378,0.9377097951131911,-18.996809198366293,-19.652273605919163,-16.698563981050626,-15.209411157476069,-21.03364037860098,-19.48324803602256,-16.528658089371845,-15.841965223109952,3.5876426545499744,15.301906907329005,5,0.1,0.07999999999999999,1.2500000000000002,0.27,0.164,1.6463414634146343,0.24100000000000002,0.16,1.50625,0.3455488837159667,47736298.32586748,2718.4841148477817,1189133.8324548933,437.4253378785983,0.3772925192635188,0.6565134067382083,190.13902053090962,0.8984859480655899,0.681577669133254,6.731731731731732,6438.857427240426,4.649649649649651,0.5821643286573146,0.774648903295991,0.907593680424379,0.563716104778578,0.13245140236722525,-0.2262441543656583,0.9,0.9,0.09090909090909091,0.9090909090909091,0.11752450403635926,0.11752463890525588,0.9999999999977336,0.14539360856605507
8,94,0.9376370578868011,0.9104773440037016,0.9147192082495417,0.933141865609684,0.921688277398313,0.9002784461213805,0.9162512724155296,0.932778087925642,-15.822351743692508,-22.71315150000322,-21.636931137839298,-16.962844974992834,-19.93225008346252,-25.381576149587943,-21.316100922411323,-17.109621880872396,3.772513282198077,18.198561525028026,7,0.1,0.075,1.3333333333333335,0.28800000000000003,0.16,1.8000000000000003,0.24100000000000002,0.18300000000000002,1.3169398907103824,0.3327404030094263,47122312.4297478,14230.316748940673,1176147.2415852894,82.65081251075058,0.3691206698999815,0.6443909502874599,118.47044539263618,0.9025435620492639,0.6901163408506928,6.711711711711711,2681.8126094530185,4.68968968968969,0.5711422845691383,0.8047429594862459,0.9152212034319425,0.5727018783820964,0.12658303938967205,-0.22815163394931706,0.9,0.9,0.09090909090909091,0.9090909090909091,0.11836349426943275,0.11836039519176482,0.9999999999977262,0.143856535827287
8,94,0.8954169121522046,0.9096386889986368,0.894927543012004,0.9124565666962045,0.9104256114419037,0.9187416665598778,0.8947884670545567,0.9118956704991621,-26.524179087237854,-22.91727701754101,-26.648292029220784,-22.20261182420694,-22.766926170460152,-20.653252653419116,-26.74138491379452,-22.393284479329765,4.0557790417570185,21.39165575167378,6,0.1,0.087,1.149425287356322,0.281,0.154,1.824675324675325,0.22999999999999998,0.16199999999999998,1.4197530864197532,0.32478921048514187,47802463.82914332,6904.849920482817,1183769.7171954268,171.44032539850664,0.37924389274855586,0.6346643756503736,581.2080895565513,0.9062530632306927,0.6551371517600012,6.711711711711711,7060.71771413778,4.74974974974975,0.5751503006012024,0.8056190608032621,0.9111813058590538,0.5634888070492774,0.13068426860249163,-0.23067206824612863,0.9,0.9,0.09090909090909091,0.9090909090909091,0.11267023573511636,0.11267276941512061,0.9999999999979072,0.14594944218490813
8,94,0.9225135741129235,0.882724869551712,0.8936703562110014,0.9217555072531565,0.9250547894597365,0.8839421366442146,0.893934879533582,0.9215986951022463,-19.651114987905487,-29.741816676632766,-26.965962525691026,-19.843366196543116,-19.058474445391653,-29.513371261592226,-26.972229090885236,-19.93735497048806,3.8586152714947453,18.366284164611574,7,0.1,0.081,1.2345679012345678,0.28600000000000003,0.15699999999999997,1.8216560509554145,0.253,0.19,1.331578947368421,0.32689404384027143,48550777.161757134,2158.2036345562765,1183699.3219197104,548.4650766808097,0.3801452871209098,0.6459721152921423,68.40924056935981,0.8978712039433739,0.6784251954834626,6.731731731731732,13462.60579298911,4.729729729729731,0.5821643286573146,0.783075731321762,0.9106759994354544,0.5569497833260908,0.13189734344871062,-0.22395059853836546,0.9,0.9,0.09090909090909091,0.9090909090909091,0.11761054830321666,0.11761390740156752,0.9999999999978855,0.1457215661197557
8,94,0.8883661795787774,0.9050432415354274,0.9285486053015748,0.9321788383785076,0.8954985386481756,0.9093874694232132,0.9278070158359439,0.9334104468698963,-28.316177085572008,-24.086001697417117,-18.12381174143775,-17.202994714120592,-26.581907973562295,-23.04899776410349,-18.363640436806946,-16.93830258837957,4.174985283793676,21.33360547760504,7,0.1,0.08299999999999999,1.2048192771084338,0.284,0.148,1.9189189189189189,0.23000000000000004,0.16999999999999998,1.3529411764705885,0.327768692371866,49194643.741398655,15992.518381718224,1250699.1839945614,78.20526787227536,0.3785410271377506,0.614950775688877,385.1973105131698,0.8969632246912953,0.6596255778041887,6.771771771771771,3224.8424984084454,4.68968968968969,0.5651302605210421,0.8113120022028836,0.9087425363395476,0.6032540376014602,0.1289193262709694,-0.20391338585084803,0.9,0.9,0.09090909090909091,0.9090909090909091,0.11353582354083847,0.11353764721815626,0.999999999998103,0.1445031879941129
8,94,0.8842499559406108,0.8783351251708655,0.8891836974899388,0.9227840042959001,0.8938826448444088,0.8752484072928967,0.8884779403738293,0.9216417489894811,-29.360659660518735,-30.860990261610795,-28.109187942646628,-19.586278248437992,-26.991048026372255,-31.73068368681865,-28.365739637559443,-19.93049405713549,3.720207791205545,16.060767897084926,6,0.1,0.086,1.1627906976744187,0.271,0.15599999999999997,1.7371794871794877,0.254,0.16700000000000004,1.520958083832335,0.34320409486632397,48469344.11917209,1183.0798697385862,1210554.9701916003,1023.223369068975,0.38426997960952736,0.6496671662907882,166.9977176722281,0.9080141548467461,0.6775595796045049,6.671671671671672,4452.9585099426595,4.66966966966967,0.5761523046092184,0.7907773544146612,0.9153945939838853,0.5724727031388565,0.12688117490799844,-0.20847349260996081,0.9,0.9,0.09090909090909091,0.9090909090909091,0.1156536900344669,0.11565344779143778,0.9999999999978939,0.14533004170297328
8,94,0.8823416611701694,0.8718414783324981,0.9049266651068003,0.9286034536156184,0.8861287496376272,0.8652325775042665,0.9028974575132379,0.9284376962517995,-29.83504705564684,-32.49761608535161,-24.108086587711767,-18.104278389222316,-28.952578312387033,-34.265579251561405,-24.689014626020537,-18.195226599261417,3.4931184807551676,13.59707346730767,5,0.1,0.09,1.1111111111111112,0.281,0.16899999999999998,1.6627218934911245,0.219,0.16499999999999998,1.3272727272727274,0.3411426299122716,48535795.5829777,3608.4174495621064,1204219.4635584506,333.72509705178004,0.3870339521518379,0.6563781976749234,1464.5557940080012,0.9026048964746698,0.7021560354894575,6.691691691691691,6742.622241778349,4.60960960960961,0.6032064128256514,0.7601409597143746,0.9090044887355541,0.5619187555260523,0.12917227851097793,-0.2208393691228429,0.9,0.9,0.09090909090909091,0.9090909090909091,0.11421626259754725,0.11421470546346049,0.9999999999978478,0.14515978485054895
8,94,0.8801419821084311,0.8683071970067419,0.878210043774146,0.9137120474878256,0.8942096802751238,0.8665822941119684,0.8810897976263009,0.9135375972138586,-30.395798031280037,-33.397080248544626,-30.885734444803404,-21.88248415275376,-26.896544268895525,-33.92063888269078,-30.232194500263546,-21.98253914139258,3.1459280790214863,10.725835925752556,4,0.1,0.083,1.2048192771084338,0.288,0.16299999999999998,1.7668711656441718,0.251,0.176,1.4261363636363638,0.36640102650487383,47210005.83879032,19850.851169729664,1149087.7618081928,57.886070072422065,0.38972380445403976,0.6900588018034826,273.36835725407656,0.8991769952650779,0.6552286029282137,6.671671671671672,6148.77765381003,4.74974974974975,0.5741482965931863,0.8017522941383792,0.9160688383728759,0.5882398900376301,0.12431856297001037,-0.23207231647023446,0.9,0.9,0.09090909090909091,0.9090909090909091,0.11914776489876171,0.11914558123552203,0.9999999999974184,0.14927153247228933
8,94,0.8842996596722291,0.913401635638227,0.9245210904546628,0.9325080482902377,0.8708861562102019,0.9150010875698478,0.9244599293639132,0.9304491325768519,-29.350239433982267,-21.96780684835386,-19.147083414756423,-17.120994950719506,-32.85441157298408,-21.628890986954787,-19.221986566915206,-17.69796914495322,3.345595078412867,12.56696949997907,4,0.1,0.087,1.149425287356322,0.27299999999999996,0.14700000000000002,1.8571428571428568,0.233,0.155,1.503225806451613,0.34850880562178055,46390366.66756452,2264.375349887078,1157499.3452659217,511.17821315430103,0.3675520316522789,0.6801544136631452,281.1426428905883,0.9056545544117147,0.6905576797055384,6.671671671671672,2808.331998823175,4.66966966966967,0.6072144288577155,0.7896780222988982,0.9090643871830848,0.5898806881146351,0.12945509465619748,-0.2223060598822084,0.9,0.9,0.09090909090909091,0.9090909090909091,0.11381820105504568,0.11381923839602345,0.9999999999975278,0.14501071153006673
8,94,0.9592295739134125,0.9375029935940679,0.9307833503462228,0.9371510704545654,0.9549938980534031,0.9363197317119069,0.9295151872161771,0.938129721215467,-10.343186987085517,-15.855076471773543,-17.55980544496012,-15.944357040714038,-11.454607335551657,-16.207412699909327,-17.939253093204428,-15.74674807560234,3.5032331281389735,14.180591430809695,7,0.1,0.078,1.2820512820512822,0.27799999999999997,0.15799999999999997,1.759493670886076,0.25200000000000006,0.17200000000000001,1.4651162790697676,0.3430835295307145,47900646.94361796,34233.99198873942,1166205.4432233458,34.06571584193119,0.3970791054688205,0.6674648195036524,119.87658414503541,0.90021017528518,0.6894865933311682,6.691691691691691,2681.8126094530185,4.74974974974975,0.5871743486973948,0.7373961287940302,0.9073716382067646,0.5480137785251052,0.1299278707014941,-0.23148677964756895,0.9,0.9,0.09090909090909091,0.9090909090909091,0.11590896039374257,0.1159072062397067,0.999999999997681,0.14769532400410368
8,94,0.8952057986638701,0.8953479538705036,0.9067095413287592,0.9271602559666701,0.9122036102331346,0.8933533369118011,0.9061964281217426,0.9282092719651309,-26.57375342246806,-26.537705651115886,-23.656629983244954,-18.47072998904619,-22.310186871788346,-27.1002827003295,-23.836688768209115,-18.242943273325068,3.436240099688262,12.795436673251793,5,0.1,0.079,1.2658227848101267,0.284,0.165,1.721212121212121,0.24700000000000003,0.15799999999999997,1.5632911392405067,0.3475469349502328,49028725.90639244,15256.010648436804,1194586.0984882358,78.30265237856518,0.4126332678137654,0.6619971368553657,430.8387949434027,0.9111209689013152,0.6689331419395717,6.711711711711711,2940.820170587067,4.809809809809811,0.5691382765531062,0.8021097852858362,0.9109352736149715,0.6089668544527144,0.1275726893686232,-0.2172138155010852,0.9,0.9,0.09090909090909091,0.9090909090909091,0.1167326959656141,0.11673705055171893,0.9999999999978958,0.1488112222995921
8,94,0.8239336256802213,0.8668417893164498,0.9044892034639773,0.9322442070303071,0.8414551698825519,0.8697642901073033,0.901731395793544,0.931711404775097,-44.66315944757761,-33.778547542030225,-24.228441978965208,-17.18776681006773,-40.341073896871535,-33.137935768077796,-25.00403842306548,-17.375749586035766,3.4167317968231794,13.146381186640607,5,0.1,0.08099999999999999,1.234567901234568,0.267,0.15100000000000002,1.7682119205298013,0.253,0.176,1.4375,0.35108776053218005,50469279.80724201,3010.209436558149,1248268.3764175572,414.67824838288266,0.39635848391318884,0.6671579110949777,361.4301716355688,0.9096860684069327,0.6744115845386687,6.711711711711711,7393.819919175873,4.74974974974975,0.6052104208416834,0.8197695825295154,0.9168424398973796,0.5833498793995264,0.12462079724784479,-0.21676712093931322,0.9,0.9,0.09090909090909091,0.9090909090909091,0.11972530558226253,0.1197257690996755,0.9999999999979567,0.14671577981992998
8,94,0.9015552831939876,0.9129223915769163,0.911319815866778,0.920449532368799,0.9061620210197929,0.9163351028685808,0.9117821576145915,0.9202794478060775,-24.96575170262551,-22.083033211756742,-22.489449204021838,-20.174137192368022,-23.8464156921616,-21.261198690762313,-22.418208105608983,-20.25884878899535,3.3185314159876715,12.195976571491812,4,0.1,0.08099999999999999,1.234567901234568,0.263,0.14600000000000002,1.8013698630136985,0.26400000000000007,0.15200000000000005,1.7368421052631577,0.3458645746914081,48719389.108149454,2209.930169342964,1184412.2385209694,535.950074328868,0.3752356974990373,0.6724643747494984,778.5760361725752,0.9028157163900786,0.6727771023169794,6.671671671671672,8890.965989529166,4.649649649649651,0.6072144288577155,0.7847477521857881,0.9108458324041726,0.5965185880970326,0.12810720504620343,-0.2179267417930201,0.9,0.9,0.09090909090909091,0.9090909090909091,0.11671703291235157,0.11672076458056682,0.9999999999977286,0.14743315013701994
8,94,0.914783403156633,0.8938360364093182,0.9046642896928502,0.9243050909928553,0.9205199417090136,0.8992215322386806,0.9067022078625688,0.9235436187095827,-21.612476341569533,-26.925108915675423,-24.178867261118285,-19.19760340935875,-20.20793377526985,-25.623088939340477,-23.721115024722053,-19.439158992020396,3.6487693759917845,15.419891984003737,5,0.1,0.074,1.3513513513513515,0.271,0.146,1.8561643835616441,0.23400000000000004,0.15899999999999997,1.4716981132075477,0.35017361270782676,52943706.96627151,17689.538042222957,1285844.8088762863,72.68956406928875,0.43448578119331893,0.658943264023873,63.447592095981406,0.9120101170150369,0.6795684953206113,6.711711711711711,5871.766390733262,4.60960960960961,0.5991983967935872,0.8120953910561929,0.9069887982284365,0.5735852852966873,0.1343953482150396,-0.22322140640035218,0.9,0.9,0.09090909090909091,0.9090909090909091,0.11671447824994405,0.11671349905545889,0.9999999999982236,0.1504432692008368
8,94,0.8831510760686806,0.8834351084995232,0.8887281721481075,0.9078353316292397,0.8626349638170577,0.8820002937913416,0.8905476339903793,0.9074923901972339,-29.620876881535878,-29.548875451130755,-28.207098553356303,-23.363486823742534,-34.89089970562483,-29.972080443646036,-27.801044800796546,-23.497054456687096,3.351173706233363,12.41794525237713,6,0.1,0.082,1.2195121951219512,0.27999999999999997,0.16,1.7499999999999998,0.26,0.175,1.4857142857142858,0.3430724546187579,47297523.738793746,9584.845424265019,1183613.9699507607,123.48806032430326,0.3712787925856087,0.6648171202147243,5022.711621048878,0.9021251538623944,0.6817229131909578,6.671671671671672,7060.71771413778,4.729729729729731,0.564128256513026,0.8070855300582954,0.9085557508162115,0.6049880131529938,0.12766922996967334,-0.23260306113845355,0.9,0.9,0.09090909090909091,0.9090909090909091,0.11278495267196881,0.11278430455026216,0.9999999999976626,0.14424091431654873
8,94,0.8486404812394485,0.880239881093793,0.8903409685800773,0.9212284748776769,0.8505119320020242,0.8848248438666864,0.8910253437718134,0.9199015031220894,-38.3893399191129,-30.374778878076086,-27.81283837879954,-19.97883501897033,-38.006245270649686,-29.282439004746294,-27.7060073647435,-20.364455564396366,3.5256323426217526,13.93584451496956,7,0.1,0.075,1.3333333333333335,0.27299999999999996,0.15300000000000002,1.7843137254901955,0.257,0.14299999999999996,1.7972027972027977,0.34233120969294106,48932813.213422626,12019.186881974187,1200434.8507576564,99.87654427422311,0.39557746964299867,0.654054168861447,1343.20730777705,0.9013806089454631,0.679389829367491,6.751751751751752,5354.620899273613,4.74974974974975,0.6022044088176353,0.7949210269767703,0.9103599926283398,0.6072666393154027,0.12727794083173405,-0.23278487665227746,0.9,0.9,0.09090909090909091,0.9090909090909091,0.11059340001897303,0.11059373320342929,0.9999999999978654,0.1456229977082555
8,94,0.8912425835072866,0.8795661279105882,0.8891355886725532,0.9205597299855356,0.8835365821673046,0.8813862198491701,0.8855832779642003,0.9198098837878648,-27.59304481387153,-30.55549990831068,-28.127614361147323,-20.154937485868203,-29.651997155885454,-30.19948699027313,-29.130901183623166,-20.41668656219727,3.833177832966225,17.684048342828152,5,0.1,0.089,1.1235955056179776,0.279,0.16999999999999998,1.6411764705882357,0.21500000000000002,0.183,1.1748633879781423,0.32621053525112265,47635003.49500737,12023.235885597765,1183636.2444838574,98.44573089526556,0.35816440635543645,0.6382910536610855,1407.6138616539158,0.897852429645843,0.7073400899541815,6.771771771771771,7742.636826811277,4.62962962962963,0.6112224448897795,0.8054378450090512,0.9136328123862295,0.5962416470971084,0.12474585452707185,-0.21481451822870834,0.9,0.9,0.09090909090909091,0.9090909090909091,0.11276456902598035,0.11276479025001432,0.9999999999978175,0.14408401444348312
8,94,0.9212419352219897,0.9025588594302804,0.9311316106985535,0.9365894378145667,0.9223978030341533,0.9055240295160704,0.9305427458068446,0.9361184062130439,-19.977162332745536,-24.716167017763837,-17.46862364568716,-16.084233379268397,-19.72932960469572,-24.01926278222882,-17.658585903399057,-16.241048176133802,3.6411221380030137,15.547135042868259,4,0.1,0.08,1.25,0.275,0.14799999999999996,1.8581081081081088,0.233,0.16399999999999998,1.4207317073170733,0.3379397181135936,48712654.59133848,4752.533685491192,1191735.611976689,250.75795161955148,0.3804775195123292,0.6448732984100213,98.80106049627022,0.8933703213433279,0.6763404062341691,6.731731731731732,11723.818032865998,4.74974974974975,0.5981963927855711,0.7603262422110773,0.9110082090266161,0.5826954931122205,0.1272945858057114,-0.22561215534904142,0.9,0.9,0.09090909090909091,0.9090909090909091,0.11384566386873171,0.11384483322130276,0.9999999999978298,0.14614102089654646
8,94,0.9242226462656409,0.9123343439342085,0.9132715654505296,0.9210091531139128,0.9344288967539613,0.913090003917456,0.9130522035277212,0.9210607527778679,-19.220811645153447,-22.23626162634605,-21.998536800296563,-20.035909343192344,-16.67320269479245,-22.09918560391796,-22.108797361670838,-20.072410015282998,3.587996223819238,14.546909735079392,6,0.1,0.078,1.2820512820512822,0.272,0.144,1.888888888888889,0.24699999999999997,0.16799999999999998,1.4702380952380951,0.34050662429902134,49252232.15608362,610.431594891901,1227404.3621970904,2010.7156517913309,0.3846031158499139,0.6526601026392941,2340.6640487932323,0.9043731350292528,0.6755128485713244,6.691691691691691,2230.2232979659407,4.649649649649651,0.5851703406813628,0.7890618530677084,0.9101139798184341,0.5735167897263402,0.13173617903242077,-0.22266276237469257,0.9,0.9,0.09090909090909091,0.9090909090909091,0.1138167972430726,0.11381573352066066,0.9999999999979488,0.14565478444520744
8,94,0.8982636293210233,0.915119543286115,0.9160253232887113,0.9323184020849794,0.9133881171418439,0.9197002733248373,0.9138830583157156,0.9323308172320461,-25.80778422438999,-21.531891663914934,-21.30211960987208,-17.169003211884018,-22.037385896602558,-20.4313311954011,-21.91145387336516,-17.217636249835863,3.2381816658623572,10.919794966051466,4,0.1,0.08499999999999999,1.1764705882352944,0.28700000000000003,0.156,1.8397435897435899,0.261,0.16000000000000003,1.6312499999999996,0.3569350739772247,47656873.275263965,17642.908351777358,1173437.3208976313,66.51042433031844,0.41561091970553377,0.6778052750819279,488.4496159010652,0.9072261944276877,0.6749571807419144,6.671671671671672,2129.748535745523,4.729729729729731,0.561122244488978,0.776114201895012,0.913755895000993,0.5857027347932783,0.12525262797324657,-0.21602870140646255,0.9,0.9,0.09090909090909091,0.9090909090909091,0.11156438826138501,0.11156452063747244,0.9999999999976535,0.14647166908555329
8,94,0.9149727238541933,0.9163224019612056,0.9055085189330642,0.9274513768179369,0.9035021092625775,0.925309676559098,0.9096355697713695,0.9285515559260673,-21.56504494602845,-21.22273280385795,-23.96540414549972,-18.40014628965423,-24.536032398379746,-18.99113215622583,-22.976508303004437,-18.166835826308755,3.922407616804059,18.436856561364465,7,0.1,0.08399999999999999,1.1904761904761907,0.28200000000000003,0.164,1.7195121951219514,0.252,0.18,1.4000000000000001,0.3220750916150855,46652240.808559105,186.58631240142728,1172555.457544664,6284.252271527794,0.36957451467306457,0.6357511651210114,1880.934932011677,0.8989201450379751,0.6780340079269572,6.711711711711711,7060.71771413778,4.74974974974975,0.5771543086172345,0.7611406725038489,0.9067382818495703,0.5788784817679886,0.1302320221610994,-0.2097971280250011,0.9,0.9,0.09090909090909091,0.9090909090909091,0.11896483021203348,0.11896887722938476,0.9999999999977839,0.14304263695154884
8,94,0.8695907322015272,0.9074782322340053,0.935052724551275,0.9319763905846904,0.8585379097594862,0.9065234273535852,0.934827263070812,0.9318084841028419,-33.06418538423131,-23.458124818391724,-16.466841597147038,-17.24682049199174,-35.934602419095825,-23.74518479005647,-16.555363957459576,-17.32220277498797,3.4654183371604645,13.515991894430751,6,0.1,0.078,1.2820512820512822,0.28300000000000003,0.15899999999999997,1.7798742138364785,0.24000000000000005,0.16499999999999998,1.454545454545455,0.35534197976944704,48183475.61966045,17920.331253529635,1209854.0206275093,67.51292727299409,0.38062817002629057,0.666344808741697,162.85876850485437,0.9044252333350944,0.6654762402667542,6.711711711711711,3703.1266758699308,4.809809809809811,0.5691382765531062,0.7919917848458061,0.9130361873618107,0.5969123110107589,0.12807651517909188,-0.22622365752318124,0.9,0.9,0.09090909090909091,0.9090909090909091,0.11425287294983841,0.11425263042783391,0.9999999999977655,0.1462775997326331
8,94,0.8902739928288369,0.8919367775118319,0.9047565225937547,0.9336815663138623,0.8850921682301524,0.8908127954954405,0.9047450996604333,0.9325506955999101,-27.828115804179163,-27.406409356375775,-24.155135023907746,-16.81932205635414,-29.208954583845326,-27.754801812800252,-24.213284813169764,-17.145251447091994,3.0609451154875895,9.452002532553252,3,0.1,0.09,1.1111111111111112,0.2710000000000001,0.15999999999999998,1.6937500000000008,0.253,0.16499999999999998,1.5333333333333334,0.37194736750238155,48134424.72608217,14937.432884822148,1186507.0673036166,79.43179236033392,0.40473433214166443,0.6892947874218038,346.203984352065,0.9103491432838609,0.6554901478114965,6.711711711711711,3376.980310825095,4.649649649649651,0.6092184368737475,0.733926158446254,0.9060994349984575,0.5465745001857217,0.1345857023279674,-0.21133327523048367,0.9,0.9,0.09090909090909091,0.9090909090909091,0.11319693434856656,0.11320005288659966,0.9999999999975974,0.14742675067930833
8,94,0.8606953520904747,0.8407861340818454,0.8734354407765843,0.9189826843734826,0.8500531838032566,0.84069511635118,0.8692160438923295,0.9167262532021427,-35.331123391900235,-40.3805962462157,-32.09992003905134,-20.548006245563954,-38.14204209164291,-40.52245810651317,-33.26757636671101,-21.182382100898963,3.3645079169845515,12.0954332385789,3,0.1,0.07100000000000001,1.408450704225352,0.278,0.15300000000000002,1.8169934640522873,0.253,0.16499999999999998,1.5333333333333334,0.3487476474368355,50206457.0273283,485.62692954354645,1233780.244886407,2540.592726284907,0.40631494412663005,0.6677651613721574,688.5213745200512,0.9113550457494612,0.6781426670406611,6.671671671671672,6148.77765381003,4.66966966966967,0.6092184368737475,0.8024116336317436,0.9160436417429638,0.5732530392779669,0.12585531387076146,-0.2231465378026096,0.9,0.9,0.09090909090909091,0.9090909090909091,0.1165418883352275,0.11654299329668927,0.9999999999979637,0.14732210024471548
8,94,0.8551914168367898,0.874510786416181,0.9078978951314188,0.9220620976718141,0.8490928537100764,0.8791019405003168,0.9091128347415368,0.9213000141809339,-36.73014544282637,-31.829860949917702,-23.36134801899567,-19.768652005914703,-38.37016600982838,-30.7399531918569,-23.109280805231123,-20.01052697032108,3.3877782285357267,12.997774757096959,5,0.1,0.086,1.1627906976744187,0.281,0.152,1.848684210526316,0.255,0.16899999999999998,1.5088757396449706,0.3463926923495714,50606207.35258289,1818.3944831167064,1235067.3447102923,679.2075955891604,0.4001278688370765,0.6666443362268453,223.27799690674064,0.9123545198044993,0.6900443998937376,6.731731731731732,8490.415204088755,4.76976976976977,0.5891783567134269,0.7876731159973562,0.9120888262440856,0.5822464130838986,0.12579244164459696,-0.20756303779741117,0.9,0.9,0.09090909090909091,0.9090909090909091,0.11472540495087157,0.11472460092565447,0.9999999999979825,0.1464861732032168
8,94,0.9041055813945487,0.9139069786315721,0.9251088926505335,0.9420098850128589,0.904168173818555,0.9141747647099037,0.9276193067126888,0.9422886006490808,-24.321854794835218,-21.835910734146893,-18.994751361625077,-14.708125631963156,-24.365027797590926,-21.820874409913557,-18.40262962969291,-14.67299440543556,3.702279856285426,16.92900335039753,5,0.1,0.08399999999999999,1.1904761904761907,0.263,0.15699999999999997,1.67515923566879,0.272,0.15700000000000003,1.7324840764331209,0.3374568581963857,50610668.012131736,1559.2762313130684,1240112.9136722605,795.3131643826572,0.39510890727950165,0.6585081195097835,130.81422815074134,0.9019171932535238,0.6802944966964196,6.691691691691691,9749.649183484096,4.66966966966967,0.5871743486973948,0.7884407371370997,0.9090180089467076,0.5556744924140105,0.13092419979558723,-0.21704604268464656,0.9,0.9,0.09090909090909091,0.9090909090909091,0.11386965558287195,0.11386987216833107,0.9999999999980258,0.14670297740189883
8,94,0.8723860403927853,0.888601926252615,0.9017537776535135,0.914383766092678,0.8694232163193288,0.888986165885742,0.9027268827359919,0.9144414198973906,-32.362711852329596,-28.25038712604419,-24.915097017328918,-21.71215058566105,-33.18183237001816,-28.210546549689525,-24.71879135158406,-21.741923661746625,3.5043334348298134,14.358997052732427,5,0.1,0.08399999999999999,1.1904761904761907,0.26799999999999996,0.15499999999999997,1.729032258064516,0.253,0.15,1.6866666666666668,0.35032238247864733,49820499.36307875,1200.9270866104712,1221323.4156351574,1016.9838196274292,0.3977750033213866,0.6690075506481874,151.44231528988257,0.8989885720356017,0.6819788818614079,6.691691691691691,5354.620899273613,4.729729729729731,0.591182364729459,0.7924860131745637,0.9127268424926334,0.5755126821723814,0.12867243673636164,-0.22691707243355294,0.9,0.9,0.09090909090909091,0.9090909090909091,0.1154939963940901,0.1154933314335533,0.9999999999978674,0.14708266182713792
8,94,0.8123600297654483,0.9073805319293639,0.9118489990987441,0.9262033743156465,0.7989689279081496,0.9127662041640994,0.9173390266626454,0.9267196016664715,-47.58153868241325,-23.486343539911843,-22.353234516257743,-18.713267728844812,-51.07931256884581,-22.16494334782729,-21.003050177311025,-18.619571256813543,3.6392555044514516,15.068767905629922,5,0.1,0.074,1.3513513513513515,0.27,0.15999999999999998,1.6875000000000004,0.25800000000000006,0.15699999999999997,1.6433121019108288,0.3398831566457362,49044361.98259176,13419.976281075114,1208118.2139475395,90.0238710295808,0.3985515169139452,0.6508280121558665,168.4861090766131,0.9033099336085041,0.687247843792306,6.731731731731732,6590.739834509388,4.66966966966967,0.5971943887775552,0.8463399104831385,0.9168711263168042,0.5961707689819917,0.12573405982893784,-0.2314179326638997,0.9,0.9,0.09090909090909091,0.9090909090909091,0.11366047598271034,0.11365828635416746,0.9999999999979106,0.14652711337332416
8,94,0.8674187002305613,0.8802702140286398,0.907476623868265,0.9250451675942494,0.8588131052150899,0.8744666822374207,0.9079783920065255,0.9229423434842341,-33.62539493542883,-30.36598182264447,-23.46586636727156,-19.01011565239773,-35.91588145709716,-31.93384036489755,-23.408951441421834,-19.60234100337871,3.471650213773928,13.64739462081522,4,0.1,0.07800000000000001,1.282051282051282,0.2760000000000001,0.155,1.7806451612903231,0.26400000000000007,0.17099999999999999,1.5438596491228076,0.34750407244059667,49448726.53250629,4294.506781877297,1233253.7987672256,287.1700666468903,0.40416675951938874,0.6608628550349923,6199.05474632773,0.9095826256042084,0.6792895131317158,6.711711711711711,9749.649183484096,4.74974974974975,0.5721442885771543,0.8146058078157391,0.910345199721413,0.5929817175874535,0.13196892707528904,-0.22324246759786687,0.9,0.9,0.09090909090909091,0.9090909090909091,0.11896371885452742,0.11896351681048274,0.9999999999979501,0.1449808630680546
8,94,0.8663658176411076,0.9033231882907741,0.9083052496134272,0.9205162575975425,0.8588683774506556,0.9002821090699057,0.908773449429356,0.9202159710283252,-33.88262873537005,-24.512175407829005,-23.248985622456928,-20.152913624206803,-35.88363103970315,-25.35392098210869,-23.19494258317104,-20.285607199616692,3.399672488124059,12.983065610565188,4,0.1,0.07999999999999999,1.2500000000000002,0.26400000000000007,0.158,1.6708860759493676,0.23700000000000002,0.16399999999999998,1.4451219512195124,0.35055451390495607,48611434.02474594,4343.406750812139,1197644.247039017,275.7384504260576,0.3748788410281578,0.6659962893549913,162.50646021017238,0.9053027918637616,0.681450580596183,6.691691691691691,5607.234882852038,4.729729729729731,0.5891783567134269,0.791939144388945,0.9119300578558761,0.5869365582069923,0.12728573791623765,-0.2286067350159908,0.9,0.9,0.09090909090909091,0.9090909090909091,0.11773383567683911,0.11773548980651657,0.9999999999977475,0.1470793798217717
8,94,0.8567950441636843,0.8959071442026277,0.9004922418143309,0.9172934824034974,0.8615853407074815,0.8911007606692465,0.8981742471943626,0.916172562354939,-36.32004261037406,-26.400322083248312,-25.23743676508846,-20.97625899688913,-35.192241256823365,-27.687878746377663,-25.889428744108073,-21.313316267403167,3.624246064844364,15.851239209650426,5,0.1,0.07300000000000001,1.36986301369863,0.279,0.15300000000000002,1.8235294117647058,0.24699999999999997,0.176,1.4034090909090908,0.3383021174888906,47993566.79798297,113.88291577919485,1181675.8841605536,10376.234890680878,0.36244320150461107,0.6546303446598334,97.03547330625751,0.9051951163105605,0.6721596326545571,6.711711711711711,6742.622241778349,4.74974974974975,0.56312625250501,0.8102312961725354,0.9155204421851121,0.5813035540693063,0.12717339952136378,-0.2233153117417339,0.9,0.9,0.09090909090909091,0.9090909090909091,0.11739027539381204,0.11738741024251509,0.9999999999977481,0.1461445617385834
8,94,0.8870395224177997,0.9087361700396857,0.9129223776000058,0.9246856312829111,0.893521329834932,0.9111118245863896,0.9159372465008963,0.9239223919520217,-28.657115965527794,-23.152860315483053,-22.09085493024054,-19.106617149573964,-27.09940933385039,-22.62253131766454,-21.39443480343283,-19.36217120702503,3.6918471846229233,16.407373249658487,5,0.1,0.076,1.3157894736842106,0.28400000000000003,0.15999999999999998,1.7750000000000004,0.253,0.177,1.4293785310734464,0.33885536200198496,48962373.84905452,22419.73421808734,1209471.105986468,53.946719181475196,0.37649248100276456,0.6545403875619646,230.34640882232637,0.9024197677941621,0.6936426391782395,6.731731731731732,4452.9585099426595,4.649649649649651,0.5841683366733467,0.7990281976114629,0.9135770254110775,0.5887941754159194,0.12526325397327012,-0.21875121198836794,0.9,0.9,0.09090909090909091,0.9090909090909091,0.11684819304631049,0.11684584919820484,0.9999999999978857,0.14512421337380724
8,94,0.8645664244294895,0.9010560565900239,0.9129544660840471,0.9345093404238682,0.8519762654538028,0.8988490259526101,0.914678041962112,0.9342278770341809,-34.34821313511054,-25.0938339503914,-22.076198895362097,-16.609523332777968,-37.62800211051001,-25.712829612115144,-21.689054305818246,-16.719437523704528,3.955011007499929,19.905795773870025,6,0.1,0.07999999999999999,1.2500000000000002,0.281,0.15599999999999997,1.8012820512820518,0.24299999999999997,0.164,1.4817073170731705,0.33782228681245996,49740635.23126164,14617.81226370625,1238906.839715572,84.75323238290484,0.38236831644560954,0.6489465024790078,37.58333930346705,0.8983814343460363,0.6961639949590811,6.751751751751752,1691.3295170296503,4.68968968968969,0.5871743486973948,0.7806270525599381,0.9080714200035317,0.5572727735460734,0.13234149705461323,-0.20509960847017336,0.9,0.9,0.09090909090909091,0.9090909090909091,0.11775790312160388,0.11775503197501702,0.9999999999979906,0.14578737192941096
8,94,0.8842863409055373,0.8881754917358243,0.8930434370790186,0.9190932186446842,0.8846189998714914,0.8913539628813629,0.8931741443369744,0.9191731876213591,-29.34226353733925,-28.356066320072216,-27.121669825629283,-20.51605764663927,-29.325819916151488,-27.614027574696195,-27.151401028535815,-20.54335238533716,3.865352251666219,17.377158276556074,5,0.1,0.07200000000000002,1.3888888888888886,0.279,0.134,2.082089552238806,0.24900000000000003,0.16400000000000003,1.518292682926829,0.32579583114251753,49985162.136244625,1797.2384657718746,1217421.9272468674,677.3847491206524,0.4027157379325641,0.6375775000126186,539.6411563154518,0.90161327690073,0.6796075932541715,6.731731731731732,3376.980310825095,4.66966966966967,0.5881763527054108,0.817656626078648,0.916358090756481,0.6030954287193379,0.12296414602666533,-0.20231464844108593,0.9,0.9,0.09090909090909091,0.9090909090909091,0.11457969502465055,0.11458053639772747,0.9999999999980977,0.1477490664532781
8,94,0.8842366490518666,0.8841465864845409,0.8934370017294305,0.911080163994411,0.8913845344911033,0.8725912551890965,0.8910898021110647,0.9098868568919884,-29.352949219975642,-29.375785479842676,-27.02010827559596,-22.546508973207125,-27.602571448939358,-32.37852883459385,-27.677472122984398,-22.90055527059033,3.3804826127722394,13.253349226513727,6,0.1,0.08399999999999999,1.1904761904761907,0.26999999999999996,0.147,1.8367346938775508,0.254,0.164,1.548780487804878,0.35872087936547237,49208071.639444165,12681.098604797642,1199919.3992559048,94.62266926951732,0.39976484617517427,0.6761832103891892,283.7481699150763,0.9101239812448403,0.6840164981955539,6.671671671671672,8107.909806731695,4.729729729729731,0.5961923847695391,0.8274717361177577,0.9117941777146724,0.5703669646043922,0.12954627409225777,-0.2286911872138358,0.9,0.9,0.09090909090909091,0.9090909090909091,0.11909138347874272,0.11909262801750146,0.9999999999977622,0.1494293223871361
8,94,0.8876895871219195,0.8899876432246887,0.912954695737344,0.9246670365379888,0.8718285772454567,0.8820618291260109,0.9114426834285313,0.9248059942388139,-28.483006674039302,-27.900197425679153,-22.07553083210948,-19.105167954399008,-32.591415190565215,-29.989305035109737,-22.518344655269516,-19.12032346163295,3.932977600174614,18.830525713511648,5,0.1,0.089,1.1235955056179776,0.263,0.14900000000000002,1.7651006711409394,0.229,0.166,1.3795180722891567,0.3224795304467899,50960618.29622723,25035.18260504359,1246708.837399823,49.7982721783168,0.37276187500610836,0.6399581838053789,90.45424262268075,0.9058481291717077,0.6737898682382784,6.731731731731732,8890.965989529166,4.649649649649651,0.5891783567134269,0.8030067907003772,0.9155459205941081,0.5787921001073847,0.12683808368940014,-0.2195551604422481,0.9,0.9,0.09090909090909091,0.9090909090909091,0.11444302177998185,0.11443991874502221,0.9999999999981434,0.14655542623987544
8,94,0.9014563034988202,0.8985639195750464,0.9060861034151347,0.9291173650881095,0.9164040578275879,0.9006245727061902,0.9072802215640458,0.9286664097777759,-24.992813839151125,-25.726384991085382,-23.81859639522176,-17.977370056949155,-21.266058429238456,-25.28021801467446,-23.587080598940418,-18.146625998956665,3.346028010307249,12.49151606172702,4,0.1,0.078,1.2820512820512822,0.28200000000000003,0.15599999999999997,1.8076923076923082,0.251,0.16899999999999998,1.4852071005917162,0.3515577198248383,48845002.642794766,10613.175366789177,1199434.4503318358,113.01372198984994,0.3895326402443613,0.6711792446815614,206.9158546211752,0.9044927501901392,0.6873924676895724,6.711711711711711,12856.096069432964,4.70970970970971,0.5851703406813628,0.7978396692991959,0.9147833301959096,0.5490278855460301,0.12511945870211924,-0.225694723645708,0.9,0.9,0.09090909090909091,0.9090909090909091,0.11764566885052793,0.11764514969882447,0.9999999999977809,0.1475984366898332
8,94,0.8649474162590103,0.9157902715927172,0.9041324670997708,0.922602880991047,0.864532900670104,0.9187562998853338,0.9045078633424998,0.9248047106967184,-34.25213404340954,-21.357332272125433,-24.313993085887176,-19.62951334535461,-34.44586780729864,-20.658224529563,-24.28124269443805,-19.12026615971689,3.961323427728195,18.868365268363874,5,0.1,0.07800000000000001,1.282051282051282,0.279,0.133,2.0977443609022557,0.229,0.149,1.5369127516778525,0.3171482375620511,48649737.907780945,733.8638360639704,1203829.2324874424,1640.3986316373075,0.3756773928811842,0.63493947819589,75.2846196129791,0.9007612035064623,0.6864621034388605,6.791791791791792,6148.77765381003,4.78978978978979,0.6002004008016032,0.8244573120752403,0.9115929278278623,0.5936590914962367,0.12988931456058206,-0.21099380639616397,0.9,0.9,0.09090909090909091,0.9090909090909091,0.11487636704203699,0.11487701918471845,0.9999999999979805,0.143526245559728
8,94,0.8445633197800481,0.8681888447003513,0.8978749965681131,0.919151256054048,0.8643810216006136,0.864798593430087,0.8934141849323144,0.9172350742312386,-39.4229789770539,-33.43090187570945,-25.901684580690414,-20.505445229480387,-34.49281240857994,-34.38660878611407,-27.108628659024816,-21.050114757130814,3.73336873541804,17.39317951890314,6,0.1,0.08199999999999999,1.2195121951219514,0.29800000000000004,0.14500000000000002,2.0551724137931036,0.26600000000000007,0.172,1.5465116279069773,0.3389102384859437,48535932.58727505,8658.695388334096,1192280.0441792388,137.69742330762713,0.40622987299219815,0.6549339216623757,609.0652401749161,0.9046855283898191,0.6793813979057106,6.671671671671672,4883.022086877884,4.729729729729731,0.5901803607214429,0.887173750703494,0.9167480904926284,0.6241781362369151,0.12704364159609666,-0.21356388940697332,0.9,0.9,0.09090909090909091,0.9090909090909091,0.11519444531691106,0.11519183995453756,0.9999999999978335,0.14696688228990248
8,94,0.8583726179894658,0.8977321876608649,0.9233648357607147,0.9414338193901187,0.8673618856335757,0.9051801850305632,0.9317867237780327,0.9436761669991871,-35.927025976473544,-25.942570555967364,-19.440262873258035,-14.856651745193915,-33.73680821413859,-24.1176371347282,-17.35020305853442,-14.326095940901013,3.1567698062699217,10.390716399308204,5,0.1,0.08499999999999999,1.1764705882352944,0.271,0.13999999999999999,1.935714285714286,0.24500000000000002,0.16599999999999998,1.4759036144578317,0.35793864998385116,47862837.87546545,1004.4236834191141,1167361.2872519006,1162.219993935366,0.41601621182727144,0.6870645370711801,206.21793334594042,0.9099792050759283,0.6785769212678688,6.651651651651652,4452.9585099426595,4.70970970970971,0.5891783567134269,0.8000797824618056,0.9106415266416577,0.5791208883676491,0.13002959784923193,-0.22469387075369573,0.9,0.9,0.09090909090909091,0.9090909090909091,0.11813002780624578,0.11812957955100845,0.9999999999975996,0.1474399697301698
8,94,0.8184137896334921,0.8587412473247417,0.8627397694359793,0.9154454580139263,0.8120185849374787,0.8567696219501237,0.8617697842478006,0.9142579781779373,-46.04128422123159,-35.81623498574751,-34.80240748961333,-21.43885095635494,-47.78373194263594,-36.408290620120084,-35.13727978736091,-21.79510025287567,3.22563745437782,10.820872837568912,5,0.1,0.07800000000000001,1.282051282051282,0.295,0.16299999999999998,1.8098159509202456,0.24700000000000003,0.183,1.3497267759562843,0.34785688778529955,45816331.316852264,12236.074958344123,1132377.4619447067,92.54417497438644,0.3614303011509806,0.676838063087011,254.32641773434335,0.9022372083433916,0.6919064667207154,6.691691691691691,3376.980310825095,4.74974974974975,0.5981963927855711,0.8488883498969753,0.9183455390491969,0.6422200268817047,0.1195620914787453,-0.22140810773038033,0.9,0.9,0.09090909090909091,0.9090909090909091,0.11452446314033919,0.11452441338619704,0.9999999999974168,0.1462380114806141
8,94,0.8701746181880113,0.8938033263695845,0.8976670082755082,0.9201233240860855,0.8769311938933557,0.8942160561611601,0.8976209066191211,0.920537256193296,-32.923333414821656,-26.931162802529116,-25.95134448178075,-20.256489112351773,-31.275548608740053,-26.88293632010172,-26.017659655995857,-20.193914161780867,3.4866507364844033,13.692853993574193,5,0.1,0.087,1.149425287356322,0.28600000000000003,0.157,1.8216560509554143,0.25199999999999995,0.176,1.4318181818181817,0.3449583677954179,47404657.23749059,22084.38087796672,1186469.252639632,53.72436108559221,0.39074870340051615,0.6570537309128753,101.27732488007699,0.897672061562362,0.6757799093329975,6.671671671671672,8890.965989529166,4.729729729729731,0.5861723446893787,0.7693359414142041,0.912515127655023,0.5710929676236952,0.12749591771875396,-0.21903840904650532,0.9,0.9,0.09090909090909091,0.9090909090909091,0.11399441121270544,0.11399494166478849,0.9999999999977228,0.14489722028486363
8,94,0.8439316644227379,0.9014078402844531,0.9028354594015039,0.9308851474704756,0.8460130561623139,0.896401380674062,0.9035514461497965,0.9321820245191096,-39.58087842965685,-25.00420263587995,-24.64214060384228,-17.528389506662535,-39.14650971345844,-26.336806593281977,-24.519119323036932,-17.24066320004482,3.5723438522071302,14.410227949866574,5,0.1,0.08499999999999999,1.1764705882352944,0.271,0.15999999999999998,1.6937500000000003,0.255,0.172,1.482558139534884,0.3435899535508209,51133650.79544656,3744.1815828180593,1254310.7861694817,335.00265903915493,0.41615587437528356,0.6574203397005198,62.25495835189231,0.9123294380728815,0.676582372336383,6.751751751751752,2560.9931002584617,4.74974974974975,0.6012024048096193,0.805556237843042,0.9120616421297145,0.611189950516918,0.12603653846754778,-0.2221677358908147,0.9,0.9,0.09090909090909091,0.9090909090909091,0.1129581353633633,0.11295850983076001,0.9999999999981297,0.14828040772027812
8,94,0.8939215374756436,0.8787953031070349,0.8982348969690047,0.9171051862496871,0.8791222196922232,0.8827141609931658,0.8963018470061905,0.9170806645512304,-26.902369915721522,-30.738507268511455,-25.808466498303062,-21.022806048812384,-30.748164385745127,-29.83446791229801,-26.378113881916335,-21.09252296529371,3.217347490071974,10.888962633712305,5,0.1,0.079,1.2658227848101267,0.3,0.146,2.0547945205479454,0.233,0.161,1.4472049689440993,0.3628651865809769,49263243.32538039,1136.0700739214662,1206467.5287717173,1061.9657681917934,0.4150489268769533,0.6785363306983729,212.66248652246875,0.9058648693243629,0.6538172004117331,6.691691691691691,2033.8003058469842,4.70970970970971,0.5771543086172345,0.8217681741818302,0.9165669130511295,0.6125275218279009,0.12368293102611572,-0.22209207140763074,0.9,0.9,0.09090909090909091,0.9090909090909091,0.11720716540727191,0.11720748984766724,0.9999999999977662,0.14765435910712285
8,94,0.9039378142756967,0.8725989958716813,0.87664551521774,0.9232232038344033,0.9092878252799851,0.8704164887216499,0.8762602598069792,0.9230936261023798,-24.367071874795585,-32.31645627370392,-31.290018794640645,-19.475152437743418,-23.07072966688534,-32.95683481534894,-31.470594811061545,-19.55951521754139,3.4573029661631907,13.072435090604667,5,0.1,0.07799999999999999,1.2820512820512824,0.275,0.151,1.8211920529801326,0.23100000000000004,0.163,1.4171779141104297,0.34771993466107365,48845617.69885252,5570.621941877889,1206857.9064289483,216.64688773011753,0.40693217702639906,0.6647640387328919,326.5368204922123,0.9072863818349427,0.6748600010585055,6.691691691691691,9310.413487069085,4.70970970970971,0.5981963927855711,0.7514682035872384,0.9119762077854706,0.5479748037479236,0.12858983071167057,-0.22326198550160412,0.9,0.9,0.09090909090909091,0.9090909090909091,0.11589221137276084,0.11589009587485906,0.9999999999978311,0.1454962172052356
8,94,0.9057527375990053,0.879336501747373,0.883051887410455,0.9104968745372922,0.9137477582934171,0.8845806613685375,0.884520630939186,0.910864501732714,-23.903607976789033,-30.60346673059783,-29.661146284248616,-22.70036889406086,-21.931254897128696,-29.347537936413147,-29.362801802275015,-22.664377113032486,3.4707208094239306,13.732460869976421,5,0.1,0.08199999999999999,1.2195121951219514,0.28500000000000003,0.159,1.7924528301886795,0.26399999999999996,0.171,1.5438596491228067,0.3400302203219129,46355576.686493464,13618.099054132457,1144558.0920698044,84.04683263942661,0.36399444493996314,0.6624649830448149,79.15618687545782,0.8975035499511314,0.7024559138924312,6.631631631631631,3703.1266758699308,4.68968968968969,0.5851703406813628,0.8134574329404787,0.9086705867354066,0.5813960736314808,0.13192555361197178,-0.22279988264812478,0.9,0.9,0.09090909090909091,0.9090909090909091,0.1154337504550804,0.1154321996000999,0.9999999999975656,0.14534681809992853
8,94,0.8828581628495887,0.9104690008515669,0.8898820506822763,0.9262445087470741,0.8786989542969421,0.9096900908985716,0.8893437140904933,0.9247328159176207,-29.71558074417291,-22.71148975481472,-27.933818471124,-18.70968826311227,-30.86919597926979,-22.98244229276051,-28.16027311455042,-19.154306896368098,3.6633312131721203,16.55001895012311,6,0.1,0.07899999999999999,1.2658227848101269,0.275,0.175,1.5714285714285716,0.238,0.16099999999999998,1.4782608695652175,0.3431634680781428,48382650.01483371,8916.272226724672,1184786.978014381,132.8791840230302,0.3870232456018885,0.6598303637492035,342.5961260215568,0.9012626433416793,0.691417041617633,6.651651651651652,3877.8284145894613,4.74974974974975,0.5681362725450901,0.7583355416784412,0.9132076830999618,0.5869070528910513,0.12434005668739542,-0.23082209723836683,0.9,0.9,0.09090909090909091,0.9090909090909091,0.1151906192792254,0.11518920888487971,0.9999999999977933,0.14674023322608168
8,94,0.9182659557051553,0.8883953181785736,0.8920792945986836,0.9222998889229302,0.9163935169858842,0.8922458927456387,0.8905187167057298,0.9204667733831137,-20.731367921574474,-28.307882481182702,-27.373463155201534,-19.70818407657751,-21.260056778626307,-27.400488045539873,-27.83968676974581,-20.224279896773993,3.8919544042718024,18.542455405775804,6,0.1,0.089,1.1235955056179776,0.27999999999999997,0.15000000000000002,1.8666666666666663,0.23900000000000002,0.174,1.3735632183908049,0.33278420565564415,48804220.02694868,2812.8134402706632,1208479.7123646208,429.63379478460354,0.40551374499199266,0.6391343809061948,167.80284192636384,0.9100191531162237,0.6884626860130041,6.711711711711711,4060.77202570037,4.58958958958959,0.6042084168336673,0.7801437301934023,0.9139975990736136,0.5719311301259625,0.12633986342478337,-0.22206798533054387,0.9,0.9,0.09090909090909091,0.9090909090909091,0.11308279206952326,0.11308735134102525,0.9999999999979693,0.14593436483183367
8,94,0.8447393066195391,0.8743643190615784,0.8996117206645322,0.9174670751776985,0.8485623372476511,0.8788556456601065,0.9018066465287575,0.9177726560537555,-39.37739079319172,-31.86386198700029,-25.460587740401564,-20.932092748478425,-38.50633620535075,-30.8036003251095,-24.967806641851126,-20.908099700700063,3.7964621870702686,17.324217762127113,6,0.1,0.07999999999999999,1.2500000000000002,0.275,0.14600000000000002,1.8835616438356164,0.23800000000000004,0.15299999999999997,1.5555555555555562,0.34639342431755105,51056673.2931267,7645.826390209365,1269275.71946251,166.00896419618462,0.4273568050110912,0.6418074309851705,113.95900402484511,0.9073775373592362,0.6541203931349371,6.771771771771771,8107.909806731695,4.68968968968969,0.5741482965931863,0.8374306081851955,0.9196464584452508,0.6034798331905944,0.11918639255170398,-0.20771672921659498,0.9,0.9,0.09090909090909091,0.9090909090909091,0.11757045433379512,0.11757229642778573,0.9999999999981571,0.14567674194857913
