problem_id,log_2^k,disp.ratio_mean_02,disp.ratio_mean_05,disp.ratio_mean_10,disp.ratio_mean_25,disp.ratio_median_02,disp.ratio_median_05,disp.ratio_median_10,disp.ratio_median_25,disp.diff_mean_02,disp.diff_mean_05,disp.diff_mean_10,disp.diff_mean_25,disp.diff_median_02,disp.diff_median_05,disp.diff_median_10,disp.diff_median_25,ela_distr.skewness,ela_distr.kurtosis,ela_distr.number_of_peaks,ela_level.mmce_lda_10,ela_level.mmce_qda_10,ela_level.lda_qda_10,ela_level.mmce_lda_25,ela_level.mmce_qda_25,ela_level.lda_qda_25,ela_level.mmce_lda_50,ela_level.mmce_qda_50,ela_level.lda_qda_50,ela_meta.lin_simple.adj_r2,ela_meta.lin_simple.intercept,ela_meta.lin_simple.coef.min,ela_meta.lin_simple.coef.max,ela_meta.lin_simple.coef.max_by_min,ela_meta.lin_w_interact.adj_r2,ela_meta.quad_simple.adj_r2,ela_meta.quad_simple.cond,ela_meta.quad_w_interact.adj_r2,ic.h_max,ic.eps_s,ic.eps_max,ic.eps_ratio,ic.m0,nbc.nn_nb.sd_ratio,nbc.nn_nb.mean_ratio,nbc.nn_nb.cor,nbc.dist_ratio.coeff_var,nbc.nb_fitness.cor,pca.expl_var.cov_x,pca.expl_var.cor_x,pca.expl_var.cov_init,pca.expl_var.cor_init,pca.expl_var_PC1.cov_x,pca.expl_var_PC1.cor_x,pca.expl_var_PC1.cov_init,pca.expl_var_PC1.cor_init
2,-2.2999999999999994,0.7164477578740909,0.7709999640801366,0.802501235962108,0.8688346476220057,0.7070726725991168,0.7635646853562496,0.7935203000665506,0.8652062431347946,-71.92047077362744,-58.083795307183266,-50.09378159142713,-33.26890953669562,-74.53304340075087,-60.159097221052605,-52.537127802530165,-34.2972061354844,0.8758300619210404,1.0902253889483084,2,0.1,0.08299999999999999,1.2048192771084338,0.256,0.15999999999999998,1.6000000000000003,0.388,0.18500000000000003,2.097297297297297,0.08996609653455367,667.4511036719139,0.009420974542321714,0.5315433470811479,56.42126986898256,0.4834584324757001,0.5809949055488881,3.8042432561295034,0.9482625392117742,0.8590404716870651,0.4454454454454453,0.4023505548869293,-0.19519519519519515,0.6032064128256514,0.9846803274197244,0.937759867313012,0.7228190729002204,0.10455510792622028,-0.5066903159680145,0.9,0.9,0.9090909090909091,0.9090909090909091,0.11339214974162592,0.11339267359184275,0.31433294110998594,0.12009156071559723
2,-2.2999999999999994,0.7318395249004022,0.7729035941383218,0.8004625058451678,0.8593985158597329,0.7051957649424178,0.7631674699822131,0.7927119453030765,0.8545000080581802,-68.00291921634388,-57.589465921098025,-50.60079077874178,-35.65518506833439,-74.94811969507742,-60.209965450442326,-52.69886957950334,-36.99048220782282,0.9554659744686046,1.3048182259660432,1,0.1,0.08099999999999999,1.234567901234568,0.255,0.16099999999999998,1.5838509316770188,0.398,0.201,1.9800995024875623,0.09632534564577588,668.1643142084333,0.07643163688581844,0.5070751963327857,6.6343626408303615,0.451664742250543,0.5822299925401708,2.7661792424816345,0.9419538737064183,0.8335752743601107,0.46546546546546536,0.3842240846055061,-0.15515515515515516,0.5591182364729459,0.9269637115349563,0.9342907475635691,0.6684827023244263,0.10749286819799568,-0.49703849568404,0.9,0.9,0.9090909090909091,0.9090909090909091,0.11679038808929519,0.1167913146668419,0.31391294556553945,0.12404965549303724
2,-2.2999999999999994,0.7296133964510072,0.774859437383723,0.816334624065969,0.8682826489475103,0.7188530646108003,0.7599957340085847,0.8057100300334583,0.8627135639442044,-68.57754280463931,-57.10189176247681,-46.58263395643405,-33.407173881227834,-71.54172574381087,-61.072404545804886,-49.439769730648635,-34.934432214430814,0.9597905177970172,1.2137126223098331,2,0.1,0.09,1.1111111111111112,0.259,0.18,1.4388888888888889,0.389,0.19599999999999998,1.9846938775510208,0.10170854721312739,662.7560303258422,0.028286796171761476,0.5574178177759688,19.705936804976,0.465184507495192,0.5203137552192287,2.620727002330083,0.9444038754250847,0.8484287237192583,0.38538538538538525,0.42133217438472886,-0.15515515515515516,0.5761523046092184,0.8955217109772725,0.9326636664789524,0.6274507123302367,0.11075333843625822,-0.5117489744913689,0.9,0.9,0.9090909090909091,0.9090909090909091,0.11695045757218464,0.11695307554987804,0.30064420089133037,0.12659337945139953
2,-2.2999999999999994,0.7926657884522474,0.8141465757295432,0.8420183448437802,0.8740933926518704,0.7651849159216739,0.7968572002206555,0.8321876042055579,0.871570044410838,-52.606196834869905,-47.15595051400584,-40.08414233910699,-31.945850708969402,-59.780422211771565,-51.71713047207729,-42.72253595775976,-32.69635338757965,0.7949896709664999,0.7587823293776617,1,0.099,0.08399999999999999,1.1785714285714288,0.254,0.183,1.3879781420765027,0.391,0.201,1.945273631840796,0.11039459088798664,668.8187923227943,0.024096175252583566,0.6113931162758852,25.373035756383466,0.4694077493839427,0.5473709519965192,2.8317925786316267,0.9374044290367853,0.8378535149556496,0.4254254254254253,0.42133217438472886,-0.1751751751751751,0.5591182364729459,0.9398112141663856,0.9275144649235255,0.6383626822904046,0.11673227766347671,-0.5249035318297942,0.9,0.9,0.9090909090909091,0.9090909090909091,0.12216116542174536,0.12215989770418774,0.293946555386515,0.12287728101197325
2,-2.2999999999999994,0.7657653088032734,0.7835250354562769,0.8122799546342219,0.8685786304587821,0.771870317070248,0.7722998391717684,0.8044300354084221,0.8657453951410873,-59.432711318737745,-54.92650985953048,-47.6304820945351,-33.345736607804014,-58.079643618002336,-57.97029138351016,-49.79024956327953,-34.17994319784526,0.8471782163430805,0.7832819435833653,1,0.1,0.1,1.0,0.253,0.179,1.4134078212290504,0.4,0.18900000000000003,2.1164021164021163,0.10277766185682524,665.6883534758292,0.004367558909890724,0.5599140181403646,128.1983894647396,0.4807998603197423,0.552402679445713,2.6938754010196453,0.942752485970031,0.8539087307766311,0.4454454454454453,0.35038422452906753,-0.15515515515515516,0.5751503006012024,0.9475167613459368,0.9307512827211819,0.6778549662325561,0.11407152499217635,-0.5096747869401673,0.9,0.9,0.9090909090909091,0.9090909090909091,0.11799671974973713,0.11799669841474855,0.2985306367416933,0.12039289259368666
2,-2.2999999999999994,0.7228531649047467,0.7783043627929658,0.81578282097186,0.8760641016585939,0.7070943782378097,0.7655668573382973,0.8062595025191489,0.871322606470042,-70.29820603104179,-56.23302743185505,-46.72662850841013,-31.43630095307421,-74.50329913833986,-59.630274252115925,-49.279717310259855,-32.73030502052953,0.8406108769823051,1.1726594662995034,3,0.1,0.078,1.2820512820512822,0.23900000000000002,0.16,1.4937500000000001,0.389,0.19499999999999998,1.9948717948717951,0.1054970258322463,666.1619846966478,0.035103644991486306,0.5871036599892769,16.72486319103521,0.4359220803971977,0.571035189432288,2.9879779176481747,0.9400638944223068,0.8579430419060492,0.4454454454454453,0.3669142378402494,-0.13513513513513503,0.5841683366733467,0.9428068609544971,0.9250081757878462,0.6331240871923096,0.12153857375329201,-0.5187689759237105,0.9,0.9,0.9090909090909091,0.9090909090909091,0.11722411063947318,0.11722616132232189,0.2970197067617439,0.12656588108661965
2,-2.2999999999999994,0.7792314106405605,0.7962911573723873,0.8269690990195089,0.8691971920803182,0.7853714041372072,0.7812925388835295,0.8169165523284183,0.8659563105103096,-55.98104171304183,-51.655143739152834,-43.876033785147314,-33.168112672101074,-54.5366259422442,-55.57305609599149,-46.52107731378214,-34.0601890639534,1.0427459356622724,1.67780311616818,3,0.1,0.091,1.098901098901099,0.253,0.176,1.4375,0.398,0.179,2.223463687150838,0.08964007919500572,671.2837104716809,0.0205583434042272,0.5472713132993472,26.620399442632984,0.46859377165250826,0.563066635394477,3.337184882817474,0.9416710135602926,0.8451888500146749,0.4454454454454453,0.35038422452906753,-0.15515515515515516,0.5731462925851704,0.948701466371049,0.9318005286498644,0.6900843206118391,0.11122718076335389,-0.4820758026967449,0.9,0.9,0.9090909090909091,0.9090909090909091,0.11781454405986848,0.11781521198223403,0.3287888566818973,0.11782422990925362
2,-2.2999999999999994,0.6962813880844274,0.7555949769678959,0.7808052416700701,0.8595009771977908,0.6933806863817512,0.7511595004852515,0.7772061107420144,0.8576148537591487,-77.00891709135519,-61.96974902750446,-55.57759817426492,-35.624018989654104,-77.87991777547273,-63.20436052356612,-56.58863941588652,-36.165182652167374,0.7559171033903881,0.6170552266238887,1,0.1,0.088,1.1363636363636365,0.251,0.176,1.4261363636363638,0.42000000000000004,0.186,2.2580645161290325,0.0723754713339676,669.5850206843315,0.017369895376612543,0.4549394760373541,26.19126173033265,0.42096893101769106,0.573718787532919,2.432539372555516,0.937838923252716,0.8626195824335743,0.46546546546546536,0.4023505548869293,-0.0950950950950951,0.5881763527054108,0.9357402826239649,0.9304576277016988,0.6715270705948331,0.11014488540598803,-0.5233487927798175,0.9,0.9,0.9090909090909091,0.9090909090909091,0.11572268023486297,0.11571815725593304,0.299994087731647,0.11805095131700631
2,-2.2999999999999994,0.7464992156636735,0.7792620005481466,0.8091729798938354,0.8620155239284566,0.7491591988973938,0.7806720811326125,0.8046624783816149,0.8594914072745478,-64.29985040471996,-55.98965060621083,-48.40280426795732,-34.999422951696545,-63.78395165292275,-55.77083676850151,-49.67054394716402,-35.728610520401276,0.8129423879477387,0.6500787891632811,2,0.1,0.088,1.1363636363636365,0.253,0.16599999999999998,1.524096385542169,0.39,0.16699999999999998,2.3353293413173657,0.10721361436585486,668.1153501815065,0.006314625778740573,0.5004190578875054,79.24761900733127,0.47720325512383344,0.580658158373604,2.6230114413357617,0.9487216940524673,0.8604327781222949,0.4254254254254253,0.4023505548869293,-0.13513513513513503,0.5871743486973948,0.9773957679215872,0.9351362637012979,0.6903475217604328,0.10492385484329433,-0.5108338598918694,0.9,0.9,0.9090909090909091,0.9090909090909091,0.11586131954425585,0.11586557658696346,0.3097037124070063,0.126120326902926
2,-2.2999999999999994,0.7650725193071626,0.7857879782528278,0.8163660984983425,0.8717167869617983,0.7679358405058763,0.7857707482119884,0.8139523301341558,0.8689134515721317,-59.58372034266014,-54.329741076598054,-46.57433434453014,-32.53595989615167,-58.99449369630506,-54.46056931721944,-47.29635162551119,-33.32433828539595,0.9078929729145934,1.0946229948162403,2,0.1,0.08299999999999999,1.2048192771084338,0.251,0.166,1.5120481927710843,0.40800000000000003,0.195,2.0923076923076924,0.12165386827833946,662.8970999743773,0.018140567998367507,0.4966197389849333,27.37619566430471,0.4272783534444058,0.5804256856257448,2.38557415507378,0.9433881376407832,0.8403176967669935,0.46546546546546536,0.42133217438472886,-0.13513513513513503,0.5701402805611222,0.925058312207544,0.9315322860431942,0.6901334423897335,0.10796733949109427,-0.5267613827542401,0.9,0.9,0.9090909090909091,0.9090909090909091,0.1177430616071042,0.1177467966329296,0.2940329780667623,0.12788560780798777
2,-2.2999999999999994,0.7300498207475148,0.7911951550964866,0.8234882878684173,0.8719484256432389,0.7217652680773005,0.7798572063411089,0.8186155917896091,0.8695550256470925,-68.48148694258032,-52.97001950287026,-44.77783472129403,-32.48437264080334,-70.78932443185195,-56.00939729545712,-46.148371308482524,-33.1882060379796,0.851063458922934,0.9328651722606707,2,0.1,0.095,1.0526315789473684,0.251,0.178,1.4101123595505618,0.396,0.2,1.98,0.10289939021813244,670.9231494790421,0.0025221568534137474,0.5642031473423014,223.69867543275535,0.4602809176447942,0.5710986605492141,2.183583167424492,0.9426681863267363,0.857809024332452,0.46546546546546536,0.3842240846055061,-0.19519519519519515,0.6032064128256514,0.9523117726641565,0.9325897584202771,0.6795221798797696,0.10923498753203513,-0.5108176712167332,0.9,0.9,0.9090909090909091,0.9090909090909091,0.11402391707711493,0.11402331130582592,0.306871217732397,0.12288034805382292
2,-2.2999999999999994,0.7046759598966795,0.7666303127226871,0.8133919058328158,0.8719689496107227,0.6972853788927509,0.7579103039351531,0.80686758782227,0.8672846497791713,-74.9131324068866,-59.19753189290904,-47.335790413988235,-32.47689225248703,-77.00169922982863,-61.58050078599115,-49.12720720143878,-33.75888301498662,0.9853153004954397,1.6614328537261587,3,0.101,0.087,1.1609195402298853,0.233,0.16699999999999998,1.3952095808383236,0.37700000000000006,0.183,2.0601092896174866,0.12434328519430093,666.8319377907284,0.004477876627377975,0.6082287928125745,135.8297343642367,0.47382566406628435,0.5808479646738405,2.966731799652665,0.9423031139960439,0.8370803951228796,0.4854854854854853,0.35038422452906753,-0.13513513513513503,0.5731462925851704,0.9467295538612798,0.9309825937637158,0.7237255273185709,0.10941212978534923,-0.5145494819265433,0.9,0.9,0.9090909090909091,0.9090909090909091,0.1143851842998464,0.11438456624604028,0.31129376654549606,0.1264330865553516
2,-2.2999999999999994,0.7586731605054654,0.7838609113029043,0.8022374439734767,0.8587960946986142,0.7561052750519517,0.7708569790564015,0.7926774488958394,0.8545347241851848,-61.212028937563616,-54.82321062827694,-50.16204301028955,-35.816064037921365,-62.04238635952515,-58.28982090530968,-52.739089865049834,-37.00372300352154,0.8575958549103488,0.8684669709192221,2,0.1,0.08099999999999999,1.234567901234568,0.24900000000000003,0.15200000000000002,1.638157894736842,0.385,0.199,1.934673366834171,0.12572819051444073,666.438378618448,0.04983026238581548,0.6462861272072069,12.9697516381366,0.473043444450408,0.5803773254222572,2.0272775515389156,0.9405890809891834,0.8463644645055846,0.46546546546546536,0.3669142378402494,-0.15515515515515516,0.5701402805611222,0.9380378286272659,0.9324922565112452,0.6790411088452606,0.10773983775365378,-0.5051775304306,0.9,0.9,0.9090909090909091,0.9090909090909091,0.11458105485734679,0.1145819510275157,0.30807182133906713,0.12472677057696592
2,-2.2999999999999994,0.7198904372769761,0.783476078013601,0.8078484143973438,0.863962149657304,0.7078846996739383,0.7717746614150875,0.7970818342220826,0.8596997910234164,-71.03733958808704,-54.91166822569892,-48.7307084633255,-34.49995379551936,-74.28297948232256,-58.03618682255191,-51.60074096853725,-35.677410711250275,0.8653771855826242,1.572685040076383,3,0.1,0.079,1.2658227848101267,0.24900000000000003,0.175,1.422857142857143,0.391,0.203,1.9261083743842364,0.11171640173432817,667.146116570884,0.008939491072108903,0.5782328435187538,64.6829711953998,0.42503934503717145,0.5257236346864451,2.2724486685428418,0.9377944689555586,0.8525099704928567,0.46546546546546536,0.3842240846055061,-0.13513513513513503,0.5841683366733467,0.9643245295131935,0.9356496972214065,0.6759315715081717,0.1079665135027065,-0.5206087944984101,0.9,0.9,0.9090909090909091,0.9090909090909091,0.11795751903331161,0.11795571635526396,0.2936463598164112,0.12380983077216762
2,-2.2999999999999994,0.7178273168714622,0.7514173985849375,0.8122243379590052,0.868103168827477,0.692580789282616,0.7421861847786523,0.7986225083103812,0.8629408198666537,-71.55115059481426,-63.03363937251723,-47.61468942979104,-33.445370847272955,-78.14221908569738,-65.53313173023128,-51.18770566685521,-34.83877424801537,0.7248969909710941,0.4662470428773653,1,0.1,0.08499999999999999,1.1764705882352944,0.24,0.15100000000000002,1.5894039735099335,0.4090000000000001,0.205,1.9951219512195126,0.08165987641430372,666.180582775666,0.013930359946112136,0.483153679313208,34.68350288020036,0.4447658388792137,0.5566385153504196,2.483837005766723,0.9408744964609483,0.8400278624812978,0.46546546546546536,0.42133217438472886,-0.13513513513513503,0.5751503006012024,0.9914322128303029,0.9340449916536774,0.704804934656926,0.11080641921897103,-0.5186190176496857,0.9,0.9,0.9090909090909091,0.9090909090909091,0.11244176565351185,0.11244247897102015,0.29282928448300405,0.12032438570458277
2,-2.2999999999999994,0.7265108463327273,0.7896909959527898,0.8268068557842426,0.8695160188722459,0.7112429535167575,0.7678100494817769,0.8111440939861412,0.8617581565272787,-69.38402839864821,-53.35526368645611,-43.93899310294765,-33.103704957715706,-73.47807035886893,-59.083820563285855,-48.05689668452669,-35.177475406882735,0.5249263426302097,-0.09050359596293944,1,0.1,0.08399999999999999,1.1904761904761907,0.253,0.16,1.58125,0.40099999999999997,0.193,2.077720207253886,0.09964089191684433,663.1529777482527,0.013806646134535977,0.5425081880837327,39.29326375119454,0.4703042479977769,0.49982661320027444,2.129530954746312,0.9391262543086242,0.8469688967456235,0.36536536536536524,0.3842240846055061,-0.13513513513513503,0.564128256513026,0.9550443367675036,0.9319569998749938,0.6840170635984832,0.10968631366606997,-0.516854267481381,0.9,0.9,0.9090909090909091,0.9090909090909091,0.11829458231626643,0.1182947716106854,0.2861746537517426,0.12287197270930766
2,-2.2999999999999994,0.7177864293612216,0.7908267887983162,0.8235104701884993,0.8725830766126075,0.7129383141591805,0.7749973903581031,0.8170450016103817,0.8701144795823408,-71.58966196879504,-53.061372806989596,-44.770440172804285,-32.322097246282766,-73.04202824007072,-57.251273082351815,-46.55237817577239,-33.04900067919098,0.842795521708087,1.1937487341125355,3,0.1,0.09,1.1111111111111112,0.252,0.18,1.4000000000000001,0.373,0.187,1.9946524064171123,0.11399537836880003,664.6264664688848,0.010842237121661108,0.5211705563476865,48.06854438799061,0.4219184981342361,0.5635029193799919,2.4344970577011575,0.933321850949086,0.8482926662503274,0.4454454454454453,0.441209286319119,-0.13513513513513503,0.5841683366733467,0.9602314194129199,0.9375592888446792,0.6888454057645758,0.10386490980604045,-0.5105363407641,0.9,0.9,0.9090909090909091,0.9090909090909091,0.11490411183187844,0.11490112610535497,0.2920167749515562,0.12691342331268854
2,-2.2999999999999994,0.7134831173492058,0.7530340328161728,0.792686241394109,0.8495383576096448,0.6994230845025595,0.7502109193050926,0.7864055805054785,0.845745161575586,-72.65521707493048,-62.62585921587885,-52.57081535571771,-38.15420295021667,-76.41889049753689,-63.506554964521484,-54.30439835083007,-39.21786071549104,0.865306630202414,1.229355941071928,4,0.1,0.073,1.3698630136986303,0.25699999999999995,0.142,1.8098591549295773,0.374,0.192,1.9479166666666665,0.1253553496411881,666.555396987195,0.02853224291377751,0.6939486123489174,24.32155840134905,0.4717536598575335,0.601620069118632,2.7505807150876262,0.9496581403671761,0.8465689124072053,0.4254254254254253,0.35038422452906753,-0.11511511511511506,0.5741482965931863,0.968679778353099,0.9379771583613082,0.7333613128714144,0.1017928300268567,-0.5236468044489825,0.9,0.9,0.9090909090909091,0.9090909090909091,0.11543800945662824,0.11543733410341891,0.324211558412262,0.12740224931891492
2,-2.2999999999999994,0.7110793172636635,0.7375732378111076,0.7847995794922182,0.8600693558535163,0.6664123873240798,0.7230641051418594,0.7770123894191305,0.8541579783798658,-73.26703520161539,-66.54847496911785,-54.57240594691115,-35.48483733793884,-84.77897317476146,-70.3813328467806,-56.67075136301759,-37.0647361258533,0.8106010369473519,1.0950157276868149,2,0.1,0.08399999999999999,1.1904761904761907,0.25,0.154,1.6233766233766234,0.399,0.16699999999999998,2.389221556886228,0.09904609482984983,673.3531104875069,0.003604446607428105,0.5883015553843011,163.2155000359609,0.4790303212607705,0.5771859060248028,2.2180099879550355,0.9527182965376739,0.8418030538060692,0.4454454454454453,0.42133217438472886,-0.13513513513513503,0.5521042084168337,0.9586016556867268,0.9347212437076309,0.6942009050571112,0.10823924973329523,-0.5099387130533974,0.9,0.9,0.9090909090909091,0.9090909090909091,0.1135764979340771,0.11357582502603063,0.3292944395764486,0.1233134763956444
2,-2.2999999999999994,0.703779462213108,0.7573360398969268,0.8047220412568415,0.8595642610613263,0.7068555563209927,0.7569695676462573,0.7988230600260552,0.8555995336372846,-75.12170584930311,-61.539725662792165,-49.52260732883269,-35.61458753028907,-74.50522811608784,-61.768313171557935,-51.13088147380307,-36.70064338044975,0.6805025215206736,0.3362073936735279,2,0.1,0.08199999999999999,1.2195121951219514,0.25,0.16199999999999998,1.54320987654321,0.41,0.19599999999999998,2.0918367346938775,0.09295988831509538,667.062991221547,0.04654031400700591,0.5730083321596944,12.312085648443134,0.44785376265189747,0.5348187666544018,2.2262876116693535,0.9418710154842439,0.8524991441299883,0.38538538538538525,0.42133217438472886,-0.1751751751751751,0.5871743486973948,0.9540988110640176,0.9331351897563472,0.6780456288229781,0.11148423048277485,-0.531247639651094,0.9,0.9,0.9090909090909091,0.9090909090909091,0.11527293999661405,0.11527375950211691,0.2990928329446292,0.12168084541370104
2,-2.2999999999999994,0.7212484992186804,0.7465350080625085,0.7985855098986571,0.8620809871819602,0.7017107963303688,0.73518254412204,0.7882638855280723,0.8553327479643392,-70.68764160369847,-64.27532213796928,-51.076013044481215,-34.97441169317938,-75.85021641141282,-67.33888149739974,-53.84113775232319,-36.7865891207461,0.9113705136114009,1.2951105408090617,2,0.1,0.083,1.2048192771084338,0.244,0.16599999999999998,1.4698795180722892,0.40199999999999997,0.183,2.1967213114754096,0.10329017129906659,666.7408059049372,0.00904044561455647,0.587205651012297,64.95317554555145,0.4415035031380611,0.5678887230819318,2.8398390457994664,0.9402460688087967,0.85025463292451,0.46546546546546536,0.3669142378402494,-0.15515515515515516,0.5741482965931863,0.9567612373209665,0.9326670677139431,0.6810066921622017,0.10858583799484083,-0.5014598880102334,0.9,0.9,0.9090909090909091,0.9090909090909091,0.119060786762369,0.11905860837764826,0.30893909789973784,0.12500138027326516
2,-2.2999999999999994,0.7441022885469866,0.7687114006926623,0.8308683916460876,0.8854332053889133,0.703714675397005,0.7489918667344297,0.8208023891807451,0.8816292758542494,-64.91463238286312,-58.67193697486405,-42.904315627818846,-29.06263332029536,-75.35788877086418,-63.84198411634017,-45.57753119300298,-30.106681374970634,0.7543839163033769,0.4025956454286632,1,0.1,0.089,1.1235955056179776,0.257,0.181,1.419889502762431,0.384,0.203,1.8916256157635467,0.0976460069497912,662.9568301032278,0.009698078489102242,0.5478779908644132,56.493458109260025,0.4503916494479162,0.5290925596662985,2.6038749797307275,0.9388437965761045,0.8564517958044705,0.40540540540540526,0.35038422452906753,-0.19519519519519515,0.5971943887775552,0.9306860889069483,0.9266014976920913,0.6683383363303376,0.11509680010966061,-0.5086887882507423,0.9,0.9,0.9090909090909091,0.9090909090909091,0.12189662082436861,0.12189415832162183,0.27660168696058834,0.127687564304321
2,-2.2999999999999994,0.6581875341479193,0.735357129901837,0.7907299025454303,0.8635320910685743,0.6370985818491576,0.7229570364690893,0.7817972056116328,0.8605069778221124,-86.66642690402313,-67.10010385331802,-53.060357406897225,-34.601388877573896,-92.24629300901003,-70.42184216357697,-55.46519770878268,-35.45787796063448,0.7368159057992245,0.513171822586465,1,0.1,0.08299999999999999,1.2048192771084338,0.265,0.168,1.5773809523809523,0.389,0.19,2.0473684210526315,0.09327599300481704,667.056765593685,0.030966879331864837,0.5496644200418178,17.750074657223035,0.41702864374138626,0.561913252314723,2.3066921032334746,0.9404457172867526,0.8536647739410537,0.4454454454454453,0.4023505548869293,-0.15515515515515516,0.5861723446893787,0.9780744632539061,0.93252564218063,0.699602191269828,0.11157492377467108,-0.5078944628594744,0.9,0.9,0.9090909090909091,0.9090909090909091,0.11929750079488377,0.11929829154858558,0.30412702792315066,0.12043782275628791
2,-2.2999999999999994,0.7556008791281694,0.7784668438502237,0.8049436584532054,0.868203954690511,0.7514446202613355,0.7656633302841,0.7987226562828014,0.8634649165666259,-61.993142354605425,-56.19306827482552,-49.47708283705498,-33.43077082069365,-63.22840692838554,-59.611400592568856,-51.201650945541274,-34.7322831008656,0.8227833561721457,0.7394537048483762,2,0.1,0.086,1.1627906976744187,0.257,0.188,1.3670212765957448,0.38,0.20099999999999998,1.8905472636815923,0.10893201606792657,671.5804175518033,0.0015470990620442444,0.6171886307212808,398.93284526057727,0.46686965203305186,0.5672644294937247,2.1520924693268038,0.9379823825790452,0.860979272614219,0.4454454454454453,0.42133217438472886,-0.13513513513513503,0.5901803607214429,0.9522869815826276,0.9286920640946824,0.6691480521634928,0.11532465032926259,-0.51316420338529,0.9,0.9,0.9090909090909091,0.9090909090909091,0.1111555288192891,0.11115691343270764,0.30463780852550376,0.12189445425503301
2,-2.2999999999999994,0.766773537662606,0.7701428487073296,0.8009376305993005,0.8642442402430591,0.7182741545037459,0.7587826357443541,0.7898035383269608,0.861263121090386,-59.13841751797713,-58.28407311248449,-50.47554808213067,-34.42311271420829,-71.5739471547451,-61.28255237508927,-53.40152733732961,-35.24684084983252,0.8261338247075828,0.4537779846143195,2,0.1,0.078,1.2820512820512822,0.25800000000000006,0.177,1.4576271186440681,0.369,0.188,1.9627659574468084,0.11970895028183237,665.6133183695147,0.0023768681311611365,0.6203329259714768,260.98752296722273,0.4279347404783178,0.5816915697084748,2.814060893110581,0.9433234707153142,0.8652401692371245,0.46546546546546536,0.35038422452906753,-0.15515515515515516,0.5821643286573146,0.9574656857048764,0.9294030420431222,0.6802993757214546,0.11219679040607484,-0.5071699645967264,0.9,0.9,0.9090909090909091,0.9090909090909091,0.11273180946772385,0.11273169481183529,0.31917409486835974,0.12520469077731425
2,-2.2999999999999994,0.7346054154582324,0.7992855142169231,0.8383780157217413,0.869728842650233,0.7330126520686719,0.7935267812708081,0.8274905233357737,0.8672674089074361,-67.31053598504116,-50.90608627658193,-40.99127496334947,-33.03994103626653,-67.88664746269632,-52.49977094031473,-43.863838931014755,-33.749803832010684,0.845556219148427,0.6242781895230776,1,0.1,0.077,1.2987012987012987,0.24500000000000002,0.16699999999999998,1.4670658682634734,0.36900000000000005,0.171,2.1578947368421053,0.11624290367146184,668.4193431451412,0.029724040929474477,0.568919345078122,19.140040428149838,0.4868932727737473,0.5818312949062807,2.321462677928769,0.9494229045403094,0.844737176197586,0.4454454454454453,0.3669142378402494,-0.13513513513513503,0.5751503006012024,0.9293064598977674,0.932142285569285,0.6727637963946782,0.11068179075009811,-0.4946765713032671,0.9,0.9,0.9090909090909091,0.9090909090909091,0.11556507749986207,0.11556411175927506,0.3161925233433244,0.1248815378199454
2,-2.2999999999999994,0.6898724695443748,0.7232751081338826,0.7834919555652782,0.8646041106976371,0.6809642583653768,0.7112875598343936,0.7768632136855403,0.8613853214236015,-78.65218464725251,-70.18086159448237,-54.90912291300714,-34.33807527581675,-81.12800189469291,-73.41705124563006,-56.74173536213783,-35.24850177776412,0.6384154523871315,0.10125031249081307,1,0.1,0.087,1.149425287356322,0.24500000000000002,0.16799999999999998,1.4583333333333337,0.42000000000000004,0.18,2.3333333333333335,0.09801599390368965,670.0417230041379,0.007966170489804709,0.553883605919325,69.52946922592206,0.4218775467535886,0.5875966166307245,2.1159311515040975,0.9396298696608633,0.8610069977799637,0.40540540540540526,0.3345989120549975,-0.13513513513513503,0.5861723446893787,0.9765042339481544,0.9310529507302165,0.686663224025719,0.11475978524280167,-0.5072582037609147,0.9,0.9,0.9090909090909091,0.9090909090909091,0.11593316972607717,0.11593432800016375,0.2986835442280598,0.12409129215642486
2,-2.2999999999999994,0.8207886263036426,0.8020445991808827,0.8262558801304014,0.8781726581076341,0.7995177553370646,0.7903370470654341,0.8161312199212094,0.8745195085261094,-45.45591320933329,-50.21022568689497,-44.06917636157263,-30.900790309023307,-50.978434574179346,-53.31289634537913,-46.75397859416381,-31.907060077526268,0.9372377030720058,1.11357891326014,2,0.1,0.09,1.1111111111111112,0.251,0.182,1.379120879120879,0.413,0.185,2.2324324324324323,0.08465267854150949,664.6527072585517,0.0103959466351238,0.4922325689417703,47.34850862726736,0.42881430045019386,0.5592449231916308,2.7276072266333977,0.9401927797823422,0.846433800867492,0.4454454454454453,0.35038422452906753,-0.15515515515515516,0.5591182364729459,0.9623815283015524,0.9326282431648502,0.6844831035440364,0.10881951922194966,-0.5052702472320586,0.9,0.9,0.9090909090909091,0.9090909090909091,0.11620629387122644,0.11620458244388536,0.30661477143194715,0.11866828861327891
2,-2.2999999999999994,0.810126416565453,0.8154425409152033,0.8266462804525182,0.8737719608160969,0.7901747800873923,0.7997486568174055,0.8154422466675589,0.8692585115720544,-48.16895049700585,-46.820305119344255,-43.97803309080635,-32.02273881811226,-53.383123304496564,-50.94736538086272,-46.954647811402424,-33.26286992893108,0.8912525567891646,1.0706952428647343,2,0.1,0.087,1.149425287356322,0.254,0.16599999999999998,1.530120481927711,0.38,0.20299999999999999,1.87192118226601,0.12607055480321305,668.3063904150647,0.024168687121496158,0.6070858000049019,25.118691675434306,0.4977164368299397,0.554999779237358,2.642211826348385,0.9339297422796146,0.8448929302223047,0.4254254254254253,0.4620241371751313,-0.15515515515515516,0.5981963927855711,0.9116987500220778,0.9245235481764956,0.6276502552431241,0.12072393615699732,-0.5047219971087029,0.9,0.9,0.9090909090909091,0.9090909090909091,0.11636343358344779,0.11636140854946944,0.3027409547545497,0.12706410771954482
2,-2.2999999999999994,0.7051834582647805,0.7699185927779642,0.7983003062000247,0.8615755162104529,0.6828231851758287,0.7587407483667987,0.7918211685368689,0.8583171807139601,-74.77103671452721,-58.352985370066705,-51.15484742362813,-35.10706047462347,-80.64062199234047,-61.338960490832505,-52.92842878232398,-36.02214959876042,0.9578789817279992,1.1486575046417453,2,0.1,0.08399999999999999,1.1904761904761907,0.253,0.15899999999999997,1.5911949685534594,0.395,0.185,2.135135135135135,0.11413625821010809,669.0764987189737,0.010217337113872788,0.6061613654155639,59.32674616290545,0.49209019164780665,0.569698571794141,2.0341721488590374,0.9444382036333273,0.8492090464351907,0.4454454454454453,0.30512970171828707,-0.1751751751751751,0.5621242484969939,0.934696882538431,0.9335440739224191,0.6890205660088838,0.10878678730379988,-0.48274977295451,0.9,0.9,0.9090909090909091,0.9090909090909091,0.11709655674480392,0.11709427026388224,0.31745185654404895,0.12385746914409759
2,-2.2999999999999994,0.7203666740776147,0.7945162329679276,0.8271097527724043,0.8769536114422003,0.6923991547232565,0.7842052904928277,0.816884773779958,0.8719297130459222,-70.93825663833925,-52.12776464554781,-43.85933860938033,-31.214792661575444,-78.26818865124565,-54.90837002886835,-46.59316543103583,-32.5871321027179,0.8728971628372861,0.9971729091493224,2,0.1,0.086,1.1627906976744187,0.242,0.16199999999999998,1.4938271604938274,0.387,0.19499999999999998,1.984615384615385,0.12237353563301023,665.0426637632788,0.018120321682131815,0.625662711914773,34.528234260417676,0.46849764743172706,0.5385774261340741,2.5597092177501786,0.9413673713127721,0.8469652928093508,0.4254254254254253,0.3842240846055061,-0.1751751751751751,0.5821643286573146,0.9594477181593085,0.9303022068822623,0.6749789563335652,0.11360920862670319,-0.4958574615105306,0.9,0.9,0.9090909090909091,0.9090909090909091,0.11951271456969173,0.11951327246693104,0.3021900699541852,0.12818717162361098
2,-2.2999999999999994,0.7173375815728833,0.7783543731680106,0.8014290343850345,0.8607593924744289,0.6888343411994031,0.7643580579112937,0.7920252227226628,0.8559834130885086,-71.6936390645391,-56.21752498528025,-50.36493785312709,-35.31656565670909,-79.15115344523045,-59.94019901902979,-52.9025072126133,-36.633473671960246,0.8931223381391156,1.1084265057562552,3,0.1,0.08499999999999999,1.1764705882352944,0.255,0.163,1.5644171779141105,0.394,0.17200000000000001,2.2906976744186047,0.10709904283905924,668.6519006984112,0.019290077841154385,0.5998084663638386,31.09414442507734,0.4691589642807269,0.5645928402695961,1.8641250927468385,0.9459710185638994,0.8341582119413709,0.4254254254254253,0.30512970171828707,-0.13513513513513503,0.5621242484969939,0.9265124327456477,0.9241969744867932,0.6199005513319059,0.11975904088452526,-0.4821523286284309,0.9,0.9,0.9090909090909091,0.9090909090909091,0.1170201918613951,0.11702079052997649,0.31605181551898176,0.12408874040857212
2,-2.2999999999999994,0.7636640684281297,0.7834440067215623,0.8211151700355548,0.8782865514986475,0.7459889176294762,0.769051619558897,0.8113606847027971,0.8748322950130057,-59.950324371913666,-54.93283207245301,-45.376949286790335,-30.874529613628937,-64.61825653443069,-58.75130153489022,-47.98823561002439,-31.841598386945435,0.8217019325033629,0.9247885421953415,2,0.099,0.07899999999999999,1.2531645569620256,0.248,0.166,1.4939759036144578,0.43,0.20800000000000002,2.067307692307692,0.08041113281770806,665.8273275946574,0.028215606193689374,0.47569573569748186,16.859312978498924,0.4572328344182556,0.5432700174455043,3.3982535425333977,0.9418210826892968,0.8507811741233656,0.4454454454454453,0.3345989120549975,-0.15515515515515516,0.5561122244488977,0.9152542353012696,0.9287471507201142,0.6423142720006325,0.11666988508767595,-0.5034829432657434,0.9,0.9,0.9090909090909091,0.9090909090909091,0.11435428296035181,0.11435262152044923,0.2902041309257117,0.12016466306136037
2,-2.2999999999999994,0.7405701453259149,0.7777718831905336,0.8094176350790397,0.8766664319582423,0.7060540035342359,0.7612767122296877,0.7968429543716429,0.8697879326070515,-65.80782256046459,-56.37110847290782,-48.343743898049865,-31.285194881048994,-74.8010212054158,-60.74838890623735,-51.697776669145014,-33.13532326130999,0.7259387232511563,0.6644258638950147,2,0.101,0.087,1.1609195402298853,0.242,0.16399999999999998,1.4756097560975612,0.376,0.189,1.9894179894179893,0.14751831645257496,666.1471260036758,0.014376082024818028,0.6351111424144947,44.178319330543324,0.4642544028851464,0.5596762053060069,2.3743452745929607,0.9466591881003414,0.8448131082944372,0.46546546546546536,0.441209286319119,-0.13513513513513503,0.5691382765531062,0.9649501475834602,0.930639983238534,0.6845788658135906,0.11471868912605977,-0.5137030312261068,0.9,0.9,0.9090909090909091,0.9090909090909091,0.1128635118607772,0.11286274693649215,0.30123628472979724,0.12978809663294744
2,-2.2999999999999994,0.7294835700559135,0.7841692273305172,0.8088109691631525,0.8697432597646739,0.719260071362388,0.7693230098158494,0.8033814319873653,0.86524110365108,-68.60518973082816,-54.736457640674956,-48.487109406723135,-33.03417977019288,-71.3302071932518,-58.61025036374792,-49.956709978670006,-34.23944732176082,0.8835419717759264,0.9653363679588081,1,0.1,0.092,1.0869565217391306,0.254,0.174,1.4597701149425288,0.383,0.19,2.0157894736842104,0.10994703246360904,665.9775723133574,0.003513199238794118,0.5905174321531234,168.08538087803254,0.4369662962119094,0.5674275558236177,2.1823296642357652,0.9393383955014037,0.8411687977796882,0.40540540540540526,0.4023505548869293,-0.15515515515515516,0.5791583166332666,0.9646851969257955,0.9321028762455685,0.6538692939870663,0.11286945752299608,-0.5230680601300222,0.9,0.9,0.9090909090909091,0.9090909090909091,0.1151028622549065,0.11509628880679743,0.2967905852536348,0.12437337616622936
2,-2.2999999999999994,0.7522691244768492,0.7802461893785126,0.8176022748639505,0.8632833177456637,0.7238131909117679,0.7718852601526309,0.8104781461215471,0.8589423708372513,-62.82472420997678,-55.7297208804973,-46.25619133666925,-34.67144674394467,-70.20720247782998,-57.987192732022976,-48.17680907044155,-35.857112670822744,1.0275431872152656,1.5302716012918998,2,0.1,0.092,1.0869565217391306,0.24799999999999994,0.16799999999999998,1.476190476190476,0.381,0.178,2.140449438202247,0.11006835694191819,665.2706723281892,0.020259025723696422,0.6258970392367289,30.894725529897247,0.44482333761426984,0.5489048594499222,2.0742459850207973,0.9420807963563413,0.856031812548256,0.40540540540540526,0.3669142378402494,-0.15515515515515516,0.5771543086172345,0.9649700361362928,0.9328823257122517,0.667275110880468,0.11167708695868879,-0.5031025016848119,0.9,0.9,0.9090909090909091,0.9090909090909091,0.11650323154407209,0.11650218864714049,0.3125994013165979,0.12570429753569423
2,-2.2999999999999994,0.6898418662818641,0.7866741790836443,0.816194142592351,0.8800995135220857,0.6748600723978612,0.7765756019525366,0.8083041570426598,0.8743966987027245,-78.67344904064265,-54.111358937206575,-46.623445217379924,-30.413469090063955,-82.7100549774513,-56.83535818591386,-48.76415464221867,-31.951338712110527,0.8718316475851506,1.0246177559220824,2,0.1,0.082,1.2195121951219512,0.242,0.16699999999999998,1.4491017964071857,0.372,0.197,1.8883248730964466,0.12831455603623942,664.551751989884,0.01294150016354309,0.6261092164155009,48.3799566127028,0.4299105057835485,0.5576669386447837,2.8006745127863995,0.941508350163106,0.846389130255233,0.4454454454454453,0.42133217438472886,-0.19519519519519515,0.5841683366733467,0.9622087302555391,0.9268614257851278,0.6906911213976329,0.11505128677877986,-0.49037300572002623,0.9,0.9,0.9090909090909091,0.9090909090909091,0.11375186794151862,0.11375303138137209,0.30241771003190826,0.12992895503854995
2,-2.2999999999999994,0.741988811687302,0.768338397762924,0.8188696934876523,0.8734128540293773,0.7401450823706728,0.7607346021934858,0.8139960405422796,0.8683146942926941,-65.42673658702273,-58.74498205296186,-45.93120526908109,-32.10009577059617,-66.04426098363129,-60.8112654601629,-47.27443357426779,-33.46890171325751,0.9084887394597616,1.1555840220501077,2,0.1,0.087,1.149425287356322,0.24300000000000002,0.158,1.537974683544304,0.376,0.192,1.9583333333333333,0.11668124065766461,669.21180351811,0.02843226755470485,0.5755602416398372,20.243205735611333,0.45108453756013533,0.5609480776883922,2.7177243085198155,0.9420678701280889,0.8374772227213154,0.4454454454454453,0.441209286319119,-0.1751751751751751,0.561122244488978,0.9645167688214663,0.9322222845210535,0.6933248234438116,0.1102700865567502,-0.48913846308346415,0.9,0.9,0.9090909090909091,0.9090909090909091,0.12054544872947438,0.12054625503430386,0.311406792152504,0.12330684146827094
2,-2.2999999999999994,0.7346822838403109,0.8184423241260826,0.8372018324155834,0.8750111000235006,0.7050919829000165,0.8017520740446729,0.8264414655154446,0.8712082377059959,-67.31323334236316,-46.062639080770765,-41.3032013125098,-31.71068676114919,-75.0263956632582,-50.435479775722655,-44.15434821685025,-32.76540872322997,0.6869024383589077,0.19291661000930604,1,0.1,0.077,1.2987012987012987,0.251,0.174,1.442528735632184,0.378,0.196,1.9285714285714286,0.11828670476921743,668.0185750250962,0.0004246098604235893,0.5788605058745759,1363.2761737965923,0.48327375610286694,0.5432414925558271,2.844640717448887,0.9418248666913354,0.8507388399681339,0.4254254254254253,0.4620241371751313,-0.19519519519519515,0.5861723446893787,0.9513470446272311,0.9282892293834483,0.6628037111133238,0.11462231363609385,-0.5050985601163615,0.9,0.9,0.9090909090909091,0.9090909090909091,0.11356176368630375,0.11356271417766502,0.2942081988086741,0.1252291402416709
2,-2.2999999999999994,0.8025247824030445,0.8045281090901288,0.8234816042326228,0.8737783400230487,0.7725806855561533,0.8001447667930535,0.8191892655704253,0.8703989462626284,-50.103389375621305,-49.59510556020899,-44.78622696415388,-32.02494497496869,-57.89427487227661,-50.8772697439594,-46.02909996683107,-32.99262002946867,0.8460042496015241,0.8384126427896321,2,0.1,0.08399999999999999,1.1904761904761907,0.246,0.175,1.4057142857142857,0.388,0.20500000000000002,1.8926829268292682,0.12301711006126992,672.8474354225581,0.01522386764523733,0.5520732094742704,36.26366323849264,0.4690527223546762,0.570678377236487,2.853570824317188,0.9448986189287613,0.8385062721058677,0.4254254254254253,0.3842240846055061,-0.15515515515515516,0.564128256513026,0.9534637740716524,0.9309898008602427,0.6619371790149122,0.11441253961554304,-0.49146952537578825,0.9,0.9,0.9090909090909091,0.9090909090909091,0.12134993480097916,0.12135147454460211,0.31243524772625003,0.1264084037140973
2,-2.2999999999999994,0.7812495888095166,0.7954309985049679,0.827301192899006,0.8785247311998498,0.7717828410745556,0.790664591146906,0.8199229293813611,0.8743506245743908,-55.4913984364388,-51.893936600742364,-43.80928137316275,-30.81517654973851,-58.058657897259025,-53.25512308369022,-45.811774572146135,-31.96531819600341,0.6613357094380325,0.02776116965426567,2,0.1,0.096,1.0416666666666667,0.258,0.16099999999999998,1.6024844720496898,0.384,0.189,2.0317460317460316,0.09387991358855086,668.7315579862942,0.0005416820173738587,0.5034567502694137,929.4322759877358,0.47518665206031885,0.5398063537966775,2.1783146077210516,0.9441682741728666,0.8564854598629276,0.4454454454454453,0.4023505548869293,-0.13513513513513503,0.5561122244488977,0.9150768000038925,0.9342368667775394,0.6432684125303819,0.10701517035212192,-0.5152558904182293,0.9,0.9,0.9090909090909091,0.9090909090909091,0.12119459823077208,0.12119333219387998,0.3056130348701861,0.12161986353501776
2,-2.2999999999999994,0.7753184323229373,0.8024025656515938,0.8087828323233387,0.866631713677183,0.7445733919888015,0.7863494862399841,0.7989941018347515,0.8625670284224817,-56.990475753091886,-50.12058580297878,-48.5022312721035,-33.82886351779652,-64.97007439669571,-54.343945926228315,-51.127673266515274,-34.957322799975714,1.049255441978871,2.4773739908746792,2,0.1,0.078,1.2820512820512822,0.244,0.146,1.6712328767123288,0.41200000000000003,0.198,2.080808080808081,0.07487324752229318,670.1861012488496,0.00828357953735176,0.47932907269214603,57.86496894618898,0.4747199220386594,0.5842487121805178,2.7204085118217223,0.9420467856619148,0.858403078746972,0.5055055055055053,0.441209286319119,-0.13513513513513503,0.5801603206412825,0.9735174219577722,0.9276408865467717,0.6941664887427522,0.1135915951016599,-0.5030776150506652,0.9,0.9,0.9090909090909091,0.9090909090909091,0.11618690125445388,0.11618643884819965,0.3138855883692409,0.11779337546492172
2,-2.2999999999999994,0.7074665047846438,0.7694233536734726,0.8055559366808368,0.8568069574852646,0.7035451971247565,0.762250123781989,0.7982953177744225,0.8555385177891065,-74.17769762711464,-58.46730385008391,-49.3051673404382,-36.30944963121283,-75.30678679140976,-60.394296413434745,-51.237933579989544,-36.696757599858984,0.8414473356406075,0.6614598156888296,3,0.1,0.091,1.098901098901099,0.25900000000000006,0.173,1.497109826589596,0.36,0.16999999999999998,2.1176470588235294,0.08607394606862162,666.947538950759,0.0007910281542164443,0.5484772224987822,693.3725678096479,0.46229069261753597,0.5678932551009899,3.1040310455683398,0.9457587209512957,0.8337504101249948,0.4254254254254253,0.441209286319119,-0.1751751751751751,0.5801603206412825,0.9501523180917953,0.9306279832282972,0.6657067675982408,0.11498435526724614,-0.506482039888036,0.9,0.9,0.9090909090909091,0.9090909090909091,0.11448058973305134,0.11448253230465423,0.30623148921567145,0.12260194391559111
2,-2.2999999999999994,0.7289516615130287,0.7759780391216816,0.8037167302665437,0.8708381346148832,0.7045475689363461,0.7558593200813176,0.7925396393216424,0.8692719210025422,-68.7509310420304,-56.82277364332941,-49.786903758488705,-32.761678414712065,-75.12090578271818,-62.07452396947383,-52.74828896165013,-33.238554410161555,0.7228436446680846,0.4405443797229265,2,0.1,0.08499999999999999,1.1764705882352944,0.24100000000000002,0.15500000000000003,1.5548387096774192,0.391,0.17099999999999999,2.2865497076023393,0.1452765533056618,667.0047358336784,0.017197727716345732,0.651911416986715,37.906834422497575,0.44933739873992506,0.6177767814627801,2.5627521377403717,0.941548030017993,0.8568200292866897,0.4254254254254253,0.47292255183386356,-0.13513513513513503,0.5881763527054108,0.9360913952431499,0.9322057794805131,0.6577481958364558,0.11023260214557676,-0.4960157070522977,0.9,0.9,0.9090909090909091,0.9090909090909091,0.11321705059099231,0.11322089547454361,0.30966473686013324,0.129525639736307
2,-2.2999999999999994,0.722403832837901,0.7675100743720757,0.8191926497363002,0.8733298378635891,0.6947719597190893,0.7565709540556671,0.809689495484122,0.8676809170802432,-70.41479155371505,-58.97318330720864,-45.86342819626739,-32.13103824197347,-77.64044521722315,-61.92071832105492,-48.40902653153529,-33.65782678147704,0.8121850811817029,0.8797024309884782,2,0.1,0.073,1.3698630136986303,0.246,0.16699999999999998,1.473053892215569,0.388,0.186,2.086021505376344,0.10796593926208775,667.4623479493588,0.00027118325744486163,0.4897892989539265,1806.1192404310318,0.4685565250101461,0.555286887549487,2.91187135230031,0.9447698617976988,0.8502025171054473,0.40540540540540526,0.42133217438472886,-0.1751751751751751,0.5831663326653307,0.9770992109038491,0.9325088217763343,0.6813783984594506,0.1136104737976205,-0.5104977065330568,0.9,0.9,0.9090909090909091,0.9090909090909091,0.1141984124731255,0.11419425592477725,0.3032287715076943,0.12495176494324473
2,-2.2999999999999994,0.7863123286692136,0.8035396625187731,0.8268595138842576,0.8752425357165643,0.784132055648692,0.7990607554702058,0.8252558527745691,0.8721818379732237,-54.20103048569169,-49.8313855672362,-43.91639773985784,-31.644236107925053,-54.90098829020215,-51.10422088894762,-44.44210746266185,-32.507575118643075,0.8725507736810068,0.8550697793371924,3,0.1,0.097,1.0309278350515465,0.23899999999999996,0.16299999999999998,1.4662576687116564,0.371,0.186,1.9946236559139785,0.12228307682357464,666.2647289723982,0.04783153441686268,0.6000206419723708,12.544457318534981,0.4586577502940028,0.5648862233683292,2.8098620753625814,0.9424745049593776,0.8509599306924319,0.40540540540540526,0.4023505548869293,-0.15515515515515516,0.5691382765531062,0.9720512026860602,0.9312321394718969,0.6843501699181993,0.11385688009237845,-0.5123046127055835,0.9,0.9,0.9090909090909091,0.9090909090909091,0.11404226132652355,0.11404171433568293,0.3167417569030302,0.12595366555065748
2,-2.2999999999999994,0.7140422460560131,0.7896957160387311,0.8291471258064974,0.8701211035968348,0.6967821098305554,0.7685178709489142,0.8137608681251719,0.8646183797397771,-72.5157366790558,-53.330849987022845,-43.32640701291396,-32.93585755881665,-77.08734032174314,-58.849897183147476,-47.347731797876634,-34.418183664812204,0.8846136680032339,0.8728063767396192,2,0.1,0.09,1.1111111111111112,0.24899999999999997,0.16199999999999998,1.537037037037037,0.399,0.19699999999999998,2.0253807106598987,0.11512450316970657,665.2210130642342,0.0022887568704082956,0.5593032700437756,244.3698923529612,0.4245891177281407,0.5818328688119614,2.7401933046382827,0.9483206214465376,0.8604745474244706,0.4454454454454453,0.441209286319119,-0.13513513513513503,0.5951903807615231,0.9291718416741506,0.9315671451954743,0.676971935296369,0.1103392264899538,-0.5032569111913763,0.9,0.9,0.9090909090909091,0.9090909090909091,0.11694116019647086,0.11694235056956333,0.3065607794823553,0.12855073817967033
2,-2.2999999999999994,0.7322726897993767,0.7669310158605409,0.8005648493052933,0.8583655283078443,0.7225624664004511,0.751782043400692,0.7927143128165439,0.855193489802735,-67.89224717026099,-59.103335655448404,-50.57422246261282,-35.91670402525406,-70.49663036133921,-63.07196185172839,-52.67110862389836,-36.7952053597289,0.8618171264160124,0.9447956540881233,2,0.101,0.08,1.2625,0.23899999999999996,0.15499999999999997,1.5419354838709678,0.376,0.184,2.0434782608695654,0.1376913323377228,671.0326353373179,0.005879178486991504,0.6636393229901687,112.87960119914075,0.45691452598184035,0.5663949772031787,2.8767972066335403,0.9439153773553717,0.8499020577546643,0.46546546546546536,0.4620241371751313,-0.15515515515515516,0.5781563126252505,0.9776411735449719,0.9347389258797688,0.7078902895487789,0.10534388481573471,-0.4914052870844569,0.9,0.9,0.9090909090909091,0.9090909090909091,0.1146767220686038,0.11467724210446777,0.31548848510001215,0.12931522058816258
2,-2.2999999999999994,0.7065380166982619,0.7616715215789274,0.8128530402798185,0.8677324136156761,0.6944026897198478,0.7569812589500794,0.8020000825946091,0.864535384935691,-74.43050361421888,-60.44704146993976,-47.465918089706236,-33.54691110466615,-77.7407709675702,-61.82143511495477,-50.36911554129614,-34.460786334376564,0.751482369068672,0.5526857186024801,1,0.1,0.084,1.1904761904761905,0.244,0.16499999999999998,1.478787878787879,0.381,0.20400000000000001,1.8676470588235292,0.12952455241408223,669.3504940532357,0.009624841411384089,0.6053032262264492,62.889683097584076,0.4573626656375487,0.5677160441746557,3.065469233428721,0.9478139252904362,0.856490018362173,0.4454454454454453,0.42133217438472886,-0.11511511511511506,0.5771543086172345,0.9448484043238066,0.9287339832427496,0.6539711005828047,0.1122243147684109,-0.5115698976614713,0.9,0.9,0.9090909090909091,0.9090909090909091,0.11422674700487435,0.11422719109718793,0.30426988141596933,0.12973852301788266
2,-2.2999999999999994,0.7440389954074966,0.7483179834866586,0.8020118950725587,0.8690797610868831,0.7082400923994713,0.733857052050663,0.7946226311198098,0.8664551419831074,-64.92518175202784,-63.839805176027,-50.22020333768518,-33.208262797629175,-74.18537294348448,-67.67178538091969,-52.22100880765731,-33.956259371429525,0.6948134362121822,0.3640235570765,1,0.1,0.087,1.149425287356322,0.24899999999999997,0.16899999999999998,1.4733727810650887,0.402,0.19999999999999998,2.0100000000000002,0.10295684746684286,669.1666668645586,0.007286046711172219,0.5418584265191398,74.36933195724224,0.44070724405417483,0.558934642099899,2.2932525043109266,0.9384459439203677,0.8633904754055861,0.4454454454454453,0.42133217438472886,-0.11511511511511506,0.5761523046092184,0.9424689051865913,0.9295926033483887,0.6899141853229045,0.11073761884262649,-0.515732786713129,0.9,0.9,0.9090909090909091,0.9090909090909091,0.11873897821226125,0.11874148632042683,0.29689915769950037,0.12485530194888374
2,-2.2999999999999994,0.7157046647263396,0.7503546029446471,0.7778575173767068,0.8602602245375367,0.7088602125293271,0.7413685495291906,0.7691090054040912,0.8560665017196275,-72.11228911033413,-63.32323754165964,-56.34704809770565,-35.445376121498214,-74.09254927504361,-65.81945962990281,-58.759754353342885,-36.629826195576754,0.8701767203408928,1.0013432062238508,2,0.1,0.092,1.0869565217391306,0.254,0.16999999999999998,1.4941176470588238,0.393,0.19,2.068421052631579,0.09368473322683091,667.2786436497538,0.009289166070360514,0.5599253447005879,60.27724560627401,0.4427076623305677,0.5572639535991166,3.5138884083744006,0.934700217945735,0.8383759745935655,0.40540540540540526,0.4620241371751313,-0.13513513513513503,0.5591182364729459,0.9063633350117434,0.9346143497366901,0.6661983715639384,0.1079023495345032,-0.5079268344936111,0.9,0.9,0.9090909090909091,0.9090909090909091,0.11276086469827112,0.11276202043349923,0.306334988894023,0.12001347720293688
2,-2.2999999999999994,0.7348188564474218,0.7613934301191491,0.7895133426162319,0.8572973371057068,0.7308611299273837,0.7432296108138305,0.7816232817225522,0.8527478675480166,-67.25173008115911,-60.51223860883832,-53.38083876711215,-36.190359684932986,-68.44878143562511,-65.30316577387146,-55.53868995574325,-37.44991954308222,0.8271459582497367,0.9629099468557252,2,0.1,0.07500000000000002,1.333333333333333,0.238,0.156,1.5256410256410255,0.418,0.179,2.335195530726257,0.07651209779697177,669.6311673435548,0.001666328413028717,0.45836132193384327,275.07261974890423,0.4858435351946262,0.5982880525487508,3.3565365537447036,0.9443294014962643,0.8465995062889725,0.46546546546546536,0.441209286319119,-0.13513513513513503,0.5891783567134269,0.9654877501230711,0.9381679113379862,0.7161779758987739,0.1051905775894198,-0.49874437424539164,0.9,0.9,0.9090909090909091,0.9090909090909091,0.1175245040363592,0.11752463890525562,0.31443471814575513,0.12218307808382768
2,-2.2999999999999994,0.8084715515906993,0.8222528629604825,0.841893784530442,0.876885577019981,0.8105692484648084,0.8147271886825206,0.8327406409010799,0.8731871300186581,-48.59344952255293,-45.096937834790396,-40.11376098136219,-31.23585320230299,-48.214762588000525,-47.15646503690385,-42.571600567595254,-32.276979158357506,0.9018829765182635,0.898799006991355,2,0.1,0.07700000000000001,1.2987012987012985,0.24,0.16700000000000004,1.4371257485029936,0.384,0.187,2.053475935828877,0.11422032780757219,668.013970527075,0.01687759338102196,0.5936842156883723,35.175880961555904,0.4493560174532888,0.5581505787419798,1.9576599313061227,0.9334939458889082,0.848522887680819,0.4254254254254253,0.42133217438472886,-0.11511511511511506,0.56312625250501,0.9253674300388851,0.9293707391700069,0.6548003722194001,0.11366850979176357,-0.4899294909373209,0.9,0.9,0.9090909090909091,0.9090909090909091,0.11836349426943281,0.11836039519176486,0.3032070074126943,0.12710748307939077
2,-2.2999999999999994,0.7997153198884249,0.7857590461722886,0.8082813733277354,0.8628751683690014,0.7591828985098567,0.7685964007769502,0.7963603660936128,0.8582390913471416,-50.79584886077302,-54.33541449279994,-48.62334142987953,-34.7773590007327,-61.20795529242545,-58.81534603691961,-51.758639775913934,-36.03105969362775,0.8599042514642891,1.1083726129231186,2,0.1,0.082,1.2195121951219512,0.251,0.152,1.6513157894736843,0.378,0.177,2.135593220338983,0.08958594528835562,666.7505664583122,0.023916636646485356,0.5365096981948618,22.432489405808823,0.4671907174855414,0.5336889541372526,3.2011688180476963,0.9365350434054598,0.8361696355449038,0.4254254254254253,0.4023505548869293,-0.1751751751751751,0.5831663326653307,0.9181231343645301,0.9308805502589799,0.6496519706844223,0.11287506043585613,-0.5102657608832414,0.9,0.9,0.9090909090909091,0.9090909090909091,0.11267023573511621,0.11267276941512053,0.30967260482475967,0.11856018138168042
2,-2.2999999999999994,0.729981125558741,0.7543945260873683,0.7973923477187562,0.8652857547730786,0.7208230144851744,0.7449340058946211,0.7897989502542208,0.8604737084279959,-68.4787288844997,-62.2873148975776,-51.38275803571855,-34.16450162924153,-70.99436249254774,-64.86296716631637,-53.45386724642253,-35.48136356167416,0.8292963763800014,0.8525728097559617,2,0.1,0.089,1.1235955056179776,0.25,0.15999999999999998,1.5625000000000002,0.381,0.176,2.1647727272727275,0.09385912854664336,664.5062527613455,0.00021228592253125234,0.476194663221123,2243.175890059401,0.45336397525444205,0.5523117607823155,2.226956570259917,0.9493573425605245,0.8467452382326437,0.4454454454454453,0.3842240846055061,-0.13513513513513503,0.5621242484969939,0.9609271698468722,0.9320823992260272,0.6693650675944204,0.1113424456892912,-0.508590853766481,0.9,0.9,0.9090909090909091,0.9090909090909091,0.1176105483032166,0.1176139074015676,0.306000856257966,0.12340514842250522
2,-2.2999999999999994,0.7780560347184211,0.8092826565331618,0.8310087184972844,0.885501646229798,0.7628835318857794,0.7951732495226735,0.8236160471445715,0.880553236518357,-56.29660079959487,-48.37589585772329,-42.86502992455979,-29.04277260358947,-60.315023856059156,-52.10152816314704,-44.86656877487101,-30.38352606303974,0.9312127210415808,1.2462305942685,2,0.1,0.089,1.1235955056179776,0.244,0.182,1.3406593406593406,0.40099999999999997,0.202,1.985148514851485,0.10379295601301197,669.9927519242882,0.008725105708963371,0.5553267498170933,63.64699389791939,0.46261800496610483,0.548201560182597,2.274599232113713,0.9480437820845583,0.8534964661586938,0.4254254254254253,0.3345989120549975,-0.11511511511511506,0.5671342685370742,0.9343055061712708,0.9249096241763066,0.6278966060787208,0.12046417615365355,-0.51660685737655,0.9,0.9,0.9090909090909091,0.9090909090909091,0.11353582354083855,0.11353764721815603,0.30009808089181683,0.12618604183538215
2,-2.2999999999999994,0.6786370295942826,0.7897239171634655,0.8188373889204308,0.865223635977981,0.664911269416899,0.7701042079846391,0.8095335224664226,0.8622822646379225,-81.51555257062782,-53.33772918257253,-45.952930820389554,-34.186794367891196,-85.23013042497655,-58.47420861789692,-48.44532579034859,-35.02863413614969,0.8060548297988644,0.6849298237944832,1,0.101,0.07500000000000001,1.3466666666666665,0.24900000000000003,0.17099999999999999,1.4561403508771933,0.404,0.203,1.9901477832512315,0.09187448558844391,669.3699881778922,0.005294326344482014,0.5382133880288558,101.6585214075075,0.4221552116012035,0.5877588278201604,2.2924099651372543,0.9322517132184143,0.8481363926301094,0.4454454454454453,0.3842240846055061,-0.15515515515515516,0.5821643286573146,0.9799871303208632,0.932429484117832,0.6736806357729092,0.11350698980031339,-0.5117392198262727,0.9,0.9,0.9090909090909091,0.9090909090909091,0.11565369003446693,0.1156534477914376,0.3036467658581637,0.12258065007712196
2,-2.2999999999999994,0.7321686804618557,0.7659525838349276,0.7973929667828799,0.8605046614578514,0.705993170811358,0.7505072328549377,0.7893005535603095,0.855751474908972,-67.9149484929714,-59.34824292085878,-51.37579222991047,-35.37233340908952,-74.75333518664439,-63.435317133642826,-53.57183840529336,-36.67621727041595,0.7237503868577548,0.43236832424981664,2,0.1,0.07899999999999999,1.2658227848101269,0.253,0.16799999999999998,1.5059523809523812,0.375,0.202,1.8564356435643563,0.12630243933137997,667.1121190947637,0.03405311790215106,0.5477250359589444,16.084431315005837,0.4648090633245199,0.5618270949178144,2.758995482135185,0.9436784900751083,0.856421441549421,0.4254254254254253,0.4023505548869293,-0.15515515515515516,0.56312625250501,0.9702288578071394,0.9343981974144402,0.7160133752591399,0.10489153587336239,-0.49573351621963463,0.9,0.9,0.9090909090909091,0.9090909090909091,0.11421626259754732,0.11421470546346058,0.30990513584719576,0.12584043022394625
2,-2.2999999999999994,0.7020048498952476,0.7508942743092967,0.7796845419716497,0.8536772344104964,0.695154374147224,0.7381307310630028,0.7725847931072192,0.850333765514841,-75.57108448997786,-63.17280612282411,-55.87164115676359,-37.107214923748046,-77.5051431194448,-66.57866620447535,-57.81893083903216,-38.05172828532815,1.0873567296374855,3.138818397161514,2,0.1,0.088,1.1363636363636365,0.24900000000000003,0.15899999999999997,1.566037735849057,0.3950000000000001,0.2,1.9750000000000003,0.12358099079618778,668.7477237281389,0.00632091289987289,0.6538152889815788,103.4368451738556,0.4709926539079565,0.6079419425088564,2.4974064853520854,0.9528177825553383,0.8635326413285926,0.4854854854854853,0.3669142378402494,-0.13513513513513503,0.5851703406813628,0.9589184382312417,0.9310598711139326,0.6547200372617894,0.1132237255128506,-0.5032386456081114,0.9,0.9,0.9090909090909091,0.9090909090909091,0.1191477648987618,0.11914558123552184,0.32207748224662985,0.1307720319889627
2,-2.2999999999999994,0.7218862957700941,0.8013259524588079,0.825239079794121,0.8654204148993365,0.714468292150515,0.7832081691165925,0.8176164092448531,0.8621490820253024,-70.55038719760984,-50.398562771148164,-44.33240937074814,-34.139424607054366,-72.65662590060126,-55.16502203357854,-46.40947383290401,-35.07765443206674,0.8768050781528405,1.1109669297400933,3,0.1,0.08199999999999999,1.2195121951219514,0.254,0.176,1.4431818181818183,0.38299999999999995,0.196,1.954081632653061,0.12163013725515326,667.9004740027646,0.0085432630992203,0.6050829942813216,70.82574740517408,0.4580610763548002,0.5750446603246868,2.7887583224558963,0.9379256299433588,0.8518422084423648,0.4254254254254253,0.3345989120549975,-0.15515515515515516,0.5771543086172345,0.9567492683821267,0.9297129292987141,0.6621563807259778,0.11508148952204059,-0.5025173815298902,0.9,0.9,0.9090909090909091,0.9090909090909091,0.11381820105504567,0.11381923839602345,0.29808257362259233,0.12693067978412767
2,-2.2999999999999994,0.7152682340332752,0.778369097409992,0.8182345435006074,0.8755456979372621,0.7006605635115887,0.7505828217948788,0.8059636023340617,0.8722777932083031,-72.23456262885972,-56.22629164425433,-46.112692086498896,-31.57323190217022,-76.18557388259481,-63.47974420159713,-49.384653367793675,-32.50687492475981,0.8240092882295208,0.6910415938317662,1,0.1,0.089,1.1235955056179776,0.24700000000000003,0.174,1.4195402298850577,0.41200000000000003,0.189,2.17989417989418,0.07977524934120417,664.0119318185812,0.013077020266088452,0.5244134035693946,40.10190340756083,0.4710395825097059,0.5459988327040818,2.408256302732448,0.9382638546410654,0.8345175269587022,0.46546546546546536,0.35038422452906753,-0.1751751751751751,0.5711422845691383,0.9570475493402492,0.9312923110014492,0.6654550675509395,0.11056895853699912,-0.4967183385012826,0.9,0.9,0.9090909090909091,0.9090909090909091,0.11590896039374252,0.11590720623970677,0.29618909376259295,0.12140371190067813
2,-2.2999999999999994,0.7606873833027494,0.77265306508724,0.815590136608487,0.8719564135069571,0.7383492879740106,0.7591346417816608,0.8054701134107471,0.8668285009938348,-60.684984339928405,-57.65072220310594,-46.76272328006715,-32.469341351060706,-66.48879636095671,-61.20697180215322,-49.43253513588036,-33.840583157384145,0.7334392733399572,0.47786351546571826,2,0.1,0.077,1.2987012987012987,0.253,0.16699999999999998,1.5149700598802398,0.406,0.183,2.218579234972678,0.10579183673836123,662.8435479270473,0.029329262267304344,0.5663950986558296,19.311604004688355,0.438264066306447,0.5389780894335188,2.9046774373501414,0.9393621146366818,0.849907589371317,0.4454454454454453,0.441209286319119,-0.13513513513513503,0.5891783567134269,0.918805161339854,0.930461333095977,0.664852404737675,0.11366722188002308,-0.5074399056256945,0.9,0.9,0.9090909090909091,0.9090909090909091,0.11673269596561407,0.11673705055171871,0.29939386511697513,0.1258034402187972
2,-2.2999999999999994,0.7717100421765605,0.7746450474070449,0.8105223215267098,0.8663711011163879,0.7490778142974082,0.7661888964543544,0.8017934243434859,0.8619503621421983,-57.91083519463177,-57.16630571195773,-48.06523561415065,-33.89794809316146,-63.84610856307438,-59.49226473708865,-50.43284041164918,-35.12615730284253,0.794694972753169,0.6781645021205129,1,0.1,0.08399999999999999,1.1904761904761907,0.25600000000000006,0.183,1.398907103825137,0.402,0.195,2.0615384615384618,0.10633445903999927,666.4606989164771,0.006720459352253381,0.5776656805888065,85.95627922295435,0.42969367851418483,0.5533269917342748,2.2612325109827243,0.9359684746882956,0.8449356801201974,0.46546546546546536,0.35038422452906753,-0.1751751751751751,0.5821643286573146,0.8909292891472045,0.9322396653946396,0.6258282882153289,0.1101433232838181,-0.5117167016186939,0.9,0.9,0.9090909090909091,0.9090909090909091,0.11972530558226264,0.11972576909967532,0.29350121647150185,0.1260697005953241
2,-2.2999999999999994,0.7326237587578207,0.778276436418508,0.8146170838661055,0.8610904469508861,0.6997707486488823,0.7639795565206527,0.8045927139357694,0.8591174806684582,-67.80708062970288,-56.22948203411113,-47.0134305249461,-35.22770467592082,-76.29524429735773,-59.97829096728512,-49.65754189727005,-35.80152893582198,0.8575517094776758,1.0408934055581769,1,0.1,0.074,1.3513513513513515,0.253,0.175,1.4457142857142857,0.37,0.187,1.9786096256684491,0.1263618365329522,669.7935724743647,0.016501488636705496,0.6514430264908474,39.477833838687374,0.48081004743765654,0.591209543615897,2.1535856568990446,0.9451695256755749,0.8525382650603494,0.4454454454454453,0.3842240846055061,-0.15515515515515516,0.5871743486973948,0.99339208343406,0.9331209429740224,0.6979001122270293,0.11110670750045852,-0.5076425076577926,0.9,0.9,0.9090909090909091,0.9090909090909091,0.11671703291235161,0.11672076458056688,0.3163864504685749,0.12440634051277934
2,-2.2999999999999994,0.724326428253282,0.7729573293967742,0.8083922652652016,0.8724242523866927,0.6982613145287014,0.7555672915072686,0.7948177245464291,0.8672285744127912,-69.91582353755615,-57.58214395674875,-48.59520078499699,-32.35552614379321,-76.71755034599016,-62.147412721401196,-52.167926438161146,-33.75735037449965,0.8772655049083743,1.090255282266365,2,0.1,0.08299999999999999,1.2048192771084338,0.259,0.173,1.4971098265895955,0.386,0.211,1.8293838862559242,0.10298426127865523,667.7560446423413,0.005239195302203995,0.49171920965185556,93.85395681756737,0.4809883673554205,0.5435593220402878,3.640382861328834,0.9455522666208827,0.8507586337263362,0.4454454454454453,0.3842240846055061,-0.1751751751751751,0.5591182364729459,0.9870905524153871,0.9293905967254411,0.7010268492285281,0.11327253346892528,-0.4930490221822165,0.9,0.9,0.9090909090909091,0.9090909090909091,0.11671447824994399,0.11671349905545894,0.3120509752586701,0.1251607229454552
2,-2.2999999999999994,0.6775993564417813,0.7573040236987358,0.8035427322418952,0.8640614958273047,0.6674024529884904,0.7469187579085849,0.7948320678892826,0.8599000232425111,-81.72766550232873,-61.52275426934449,-49.80137039315943,-34.460032322816176,-84.48021401647225,-64.28296807221344,-52.11292437292286,-35.58557820561998,0.9931498867642817,1.6540494702660729,2,0.1,0.076,1.3157894736842106,0.24500000000000002,0.15399999999999997,1.5909090909090913,0.39,0.172,2.2674418604651168,0.1104068463753951,666.6764914105988,0.005693502175624476,0.6341971872648977,111.38964519590046,0.4546218347467308,0.6105566725969815,2.8245446274313983,0.9403582701958344,0.849446374798488,0.4454454454454453,0.42133217438472886,-0.13513513513513503,0.5741482965931863,0.9499078410997567,0.9318559898638765,0.6876882384152141,0.1115649989529454,-0.4858585061998939,0.9,0.9,0.9090909090909091,0.9090909090909091,0.11278495267196863,0.11278430455026198,0.3289317082638685,0.12287692026793216
2,-2.2999999999999994,0.7477785168605956,0.7616243797925154,0.7969899125673474,0.8602516229311598,0.7295087708942989,0.7506384447194857,0.7942373700598084,0.8580337321257335,-63.97097672105548,-60.459248202627805,-51.48948224254076,-35.444404120544135,-68.77041181032578,-63.39834715898684,-52.31364005016604,-36.09388273759208,0.9068479699306086,0.7552532930909766,2,0.1,0.08199999999999999,1.2195121951219514,0.24299999999999997,0.15399999999999997,1.577922077922078,0.383,0.181,2.116022099447514,0.12657405512252218,668.5852548477061,0.05387111736913822,0.5985502971140815,11.110783038203325,0.4994147565101058,0.5995005045073183,2.5493252036995586,0.9438721145001285,0.844157277058449,0.4454454454454453,0.3669142378402494,-0.11511511511511506,0.5751503006012024,0.9694521714824554,0.9330536674999622,0.6764515960353072,0.11166374396973656,-0.4916977267194584,0.9,0.9,0.9090909090909091,0.9090909090909091,0.11059340001897303,0.11059373320342925,0.32508960887545474,0.12657899721220262
2,-2.2999999999999994,0.7636075914328894,0.7793218653646672,0.8309134809859219,0.8771605221609278,0.757156424397379,0.769202683785767,0.8184455556820383,0.8720335287348695,-59.9755541608358,-55.98865672615787,-42.89925273178574,-31.165830581799355,-61.8288312939452,-58.7618111448657,-46.22440219200951,-32.580715151716134,0.9193262439827269,1.3916689570447698,2,0.1,0.087,1.149425287356322,0.24900000000000003,0.16799999999999998,1.4821428571428574,0.38500000000000006,0.191,2.015706806282723,0.09753280399774944,669.2602736660509,0.009419472541795513,0.5261388820204045,55.85651210148476,0.4572445862106781,0.5734535619427821,2.2904861374547147,0.9378344534903402,0.8517600200835758,0.4254254254254253,0.42133217438472886,-0.19519519519519515,0.5731462925851704,0.9202716027459616,0.930805243434243,0.6423608745840245,0.11119798994778364,-0.48488049766237534,0.9,0.9,0.9090909090909091,0.9090909090909091,0.1127645690259805,0.11276479025001415,0.3042422558973321,0.12165999495439078
2,-2.2999999999999994,0.7725217714244106,0.8102876842530758,0.8195559252102987,0.874798686639567,0.7511428371517427,0.8042481226008555,0.8081758154163213,0.8714726032486387,-57.70037026974737,-48.12096055025904,-45.77005014300968,-31.75759801011074,-63.268633908438716,-49.767319237694096,-48.768755418986444,-32.67638640252815,0.7409555142813739,0.3784164610183902,1,0.1,0.06999999999999999,1.4285714285714288,0.248,0.16399999999999998,1.5121951219512197,0.40099999999999997,0.195,2.056410256410256,0.09466727004623976,667.4083652679914,0.01692211908327884,0.5469353727148413,32.320737729312015,0.4664706683206974,0.5553525568142809,2.6325610653512093,0.9445391794846827,0.8611066787286661,0.4254254254254253,0.35038422452906753,-0.13513513513513503,0.5841683366733467,0.9501474012263305,0.9326688199578698,0.6475651056954048,0.11284791191188896,-0.5060456543468556,0.9,0.9,0.9090909090909091,0.9090909090909091,0.11384566386873171,0.11384483322130286,0.3062075994583301,0.12388376485199505
2,-2.2999999999999994,0.6876884959592132,0.7531423036254243,0.811884556246569,0.8684742612130141,0.6852029139923694,0.7407513391641202,0.8003538824284251,0.8638864156618211,-79.21734262225502,-62.61508288881825,-47.71519898417492,-33.36130555015731,-80.04555913968596,-65.92088978968437,-50.76535273486243,-34.61051086283635,0.7333695884732373,0.6207566163385922,2,0.1,0.08399999999999999,1.1904761904761907,0.251,0.16499999999999998,1.5212121212121215,0.37,0.203,1.8226600985221673,0.11277528668510861,669.7127279551249,0.00914609027342872,0.5502332843669654,60.16049130473888,0.44400578753725606,0.5529190811034315,2.700969990673928,0.932619698226618,0.8465464456201398,0.46546546546546536,0.4620241371751313,-0.0950950950950951,0.5591182364729459,0.983941470818455,0.931733747284491,0.6886432219156285,0.11247368317343368,-0.5099133838889738,0.9,0.9,0.9090909090909091,0.9090909090909091,0.1138167972430728,0.11381573352066052,0.2954177379490299,0.1230972280802209
2,-2.2999999999999994,0.7524105066300676,0.7767688846113928,0.8226492651805668,0.8729874360179061,0.7511887842083652,0.7686223402820083,0.8099298161515185,0.8683500660703888,-62.806803294366546,-56.62773715702815,-44.98911712409611,-32.21967545293782,-63.307119033341365,-58.87135352326561,-48.36114688520183,-33.49679399096297,1.0068687166658952,1.8234882105513543,2,0.1,0.092,1.0869565217391306,0.25,0.176,1.4204545454545456,0.386,0.20500000000000002,1.8829268292682926,0.08635528616958432,667.499471870491,0.008372617993478881,0.4889521370878307,58.398954480982795,0.4493121448842585,0.5256990103438832,2.2463870988043735,0.9432121744532109,0.8536648830798924,0.4254254254254253,0.42133217438472886,-0.15515515515515516,0.6112224448897795,0.9415494323336007,0.9337084813939106,0.6862570299647213,0.10716082232701263,-0.5104350554427903,0.9,0.9,0.9090909090909091,0.9090909090909091,0.11156438826138489,0.11156452063747264,0.2954383974662453,0.12099846361752423
2,-2.2999999999999994,0.7195264468296009,0.7951046155706598,0.826786048496648,0.8745816801029606,0.7281860697044815,0.7860485623498655,0.8231844905004395,0.870455897796843,-71.13511163076629,-51.96659677625587,-43.93139259269557,-31.809224383444075,-69.11275831105186,-54.40035389113248,-44.957988578446674,-32.93852605881918,0.9849005172909804,1.4660889528469259,2,0.1,0.087,1.149425287356322,0.255,0.16499999999999998,1.5454545454545456,0.398,0.194,2.0515463917525776,0.09381607773763001,667.0269691818514,0.03002211132293159,0.5862619368687118,19.527671807042804,0.45483175993421754,0.5698390682747496,2.2130185776001943,0.9421161139614761,0.8433468379035148,0.46546546546546536,0.3842240846055061,-0.1751751751751751,0.5460921843687375,0.9627192172741396,0.9307983281770464,0.6732972210572606,0.11180790309191979,-0.48707258742116455,0.9,0.9,0.9090909090909091,0.9090909090909091,0.11896483021203345,0.11896887722938469,0.31495483237178634,0.11960446996223471
2,-2.2999999999999994,0.7152572106436776,0.7466996290361819,0.7935314044581857,0.856920222429142,0.6990353352824494,0.7394242323172435,0.7882248879459578,0.8546472397643688,-72.19416635825036,-64.22220264578712,-52.348395434334066,-36.27668777075084,-76.4518999431856,-66.19219747008117,-53.79571615959344,-36.92292147461623,0.9794442911250539,1.3446153205949294,3,0.1,0.091,1.098901098901099,0.254,0.16299999999999998,1.5582822085889574,0.40499999999999997,0.177,2.288135593220339,0.09390396953552704,671.3510029862216,0.026816776134149387,0.5633836761786348,21.008628082672587,0.43156994504251245,0.6189433227433243,1.9190686208322687,0.9418663790339754,0.8463271753359276,0.46546546546546536,0.3842240846055061,-0.13513513513513503,0.594188376753507,0.9599376706040501,0.932401850518708,0.6688355828309465,0.11054289552855223,-0.4896597062428201,0.9,0.9,0.9090909090909091,0.9090909090909091,0.11425287294983848,0.11425263042783414,0.3256912238525313,0.12326140353235872
2,-2.2999999999999994,0.7395798640977176,0.7886675278938258,0.8265095156123432,0.8778538981983757,0.7058696307824679,0.7703267300146055,0.8170288548582655,0.8714996064593731,-66.04634476787342,-53.596997271396674,-43.999717249637285,-30.978032953139007,-74.76636243047568,-58.38171348984571,-46.510283818630825,-32.664110888909164,0.8239293332111769,0.7914882518923032,2,0.101,0.088,1.147727272727273,0.251,0.15499999999999997,1.6193548387096777,0.363,0.197,1.8426395939086293,0.11321033857134377,667.9107462338778,0.030395061731847903,0.5355594636635056,17.619949858576767,0.4554621199477652,0.5335435388286953,2.7215841954888824,0.9464334754996758,0.8460782813196616,0.40540540540540526,0.3842240846055061,-0.15515515515515516,0.5581162324649298,0.936927064135947,0.9299840872215092,0.6716059484800646,0.11307764243568325,-0.5005094462685754,0.9,0.9,0.9090909090909091,0.9090909090909091,0.11319693434856648,0.11320005288659976,0.30745658859534464,0.12672611558586383
2,-2.2999999999999994,0.7622967343973848,0.7790455798142125,0.7962130777601809,0.8589310410299628,0.739143481499059,0.7706487195247613,0.7916526050204434,0.854665419386875,-60.28746013642072,-56.0395363738329,-51.68543191743933,-35.778596557484235,-66.3541951800268,-58.340192980027666,-52.99742475737196,-36.96882555908161,0.7398075184481057,0.37429136971474364,1,0.1,0.088,1.1363636363636365,0.24800000000000005,0.179,1.3854748603351958,0.374,0.197,1.898477157360406,0.11599973546207987,668.4623652570089,0.010001536307663947,0.5501758090823267,55.009129813460724,0.47444640921691295,0.576216726111612,2.3917065513701665,0.9436960658385892,0.8418759647984344,0.40540540540540526,0.42133217438472886,-0.15515515515515516,0.5691382765531062,0.9657501880276437,0.9329454709690808,0.6759454631515501,0.11063110078232691,-0.5020926403544766,0.9,0.9,0.9090909090909091,0.9090909090909091,0.11654188833522743,0.1165429932966892,0.3007283208829308,0.12465920867971633
2,-2.2999999999999994,0.6919553494811072,0.7636876892563613,0.8124143679055731,0.8726419469200605,0.6776963266561823,0.7539683734498616,0.8083665844079841,0.8696496491509076,-78.13435204798066,-59.93971734231701,-47.58038093672397,-32.303884968400354,-81.95003189590858,-62.5568409879026,-48.72536622731866,-33.14332504777485,0.9292053225656773,1.0336045653046488,2,0.1,0.08299999999999999,1.2048192771084338,0.24500000000000002,0.15899999999999997,1.5408805031446544,0.38699999999999996,0.173,2.236994219653179,0.12002971858466838,668.905829009726,0.01596771149188151,0.573303261451066,35.9039090694087,0.4635262854574066,0.5730227282798686,2.329465933842762,0.9415180722500096,0.8353792663516294,0.4254254254254253,0.30512970171828707,-0.15515515515515516,0.5781563126252505,0.9450560758329326,0.9309109809665417,0.6592312461196836,0.11110559075790734,-0.5025410814453946,0.9,0.9,0.9090909090909091,0.9090909090909091,0.11472540495087144,0.11472460092565455,0.3135407837283337,0.12938604804698245
2,-2.2999999999999994,0.7246750195055094,0.7577354593218275,0.8034641739213766,0.866869829881747,0.7015014110055541,0.7518607232423311,0.7951432553893751,0.8617292743126361,-69.83111524487796,-61.445943006916565,-49.847695970029406,-33.76601801769297,-75.89259965286487,-63.08885697771791,-52.084369836711744,-35.155023223568605,0.87807966152661,1.1162206967313644,2,0.1,0.089,1.1235955056179776,0.253,0.179,1.4134078212290504,0.39300000000000007,0.183,2.1475409836065578,0.09483337098701172,668.016430210671,0.03609595060659672,0.5425742826610381,15.031444623095199,0.42115881532325816,0.5659111987644632,2.624752517436162,0.940215647643992,0.8303595484942833,0.4454454454454453,0.31952475057592133,-0.15515515515515516,0.5791583166332666,0.9611154889245541,0.931485054273372,0.6924863527025273,0.11037536705663732,-0.5122675580524024,0.9,0.9,0.9090909090909091,0.9090909090909091,0.113869655582872,0.11386987216833107,0.30237268173056375,0.12123512457583017
2,-2.2999999999999994,0.7500764211362846,0.7913745764342319,0.8162683880950597,0.8744742129292689,0.7197758408846239,0.7843916756799316,0.8112496971666634,0.8708437839035378,-63.38025081867397,-52.907099573669655,-46.59406566918773,-31.833154378334058,-71.20983387471895,-54.789826135287484,-47.96473562806128,-32.8208414333385,1.0044966236734574,1.4582432749226681,2,0.1,0.096,1.0416666666666667,0.254,0.144,1.763888888888889,0.417,0.176,2.3693181818181817,0.11269510114032821,666.2691888921371,0.031167545010406573,0.5864809791183883,18.817041217797787,0.4751517251426548,0.5755816715670294,2.0222211885235226,0.9452084648429495,0.8456008226969791,0.4454454454454453,0.42133217438472886,-0.13513513513513503,0.5691382765531062,0.9513278391124711,0.9285376576601083,0.6594535196025161,0.11500362506022647,-0.48252107447812576,0.9,0.9,0.9090909090909091,0.9090909090909091,0.11549399639409004,0.1154933314335532,0.3170057658347657,0.12146985480965027
2,-2.2999999999999994,0.764589489552429,0.7816393865398163,0.8117165622824138,0.872872393410918,0.7670639744232514,0.7807521043438178,0.8091428259349693,0.8697173437345722,-59.69514008719014,-55.37164583368727,-47.74470846386552,-32.236879610244046,-59.18593546346483,-55.70796432487322,-48.49426085545667,-33.10308427664728,0.8179968066254988,0.5021831770580691,1,0.1,0.091,1.098901098901099,0.24000000000000005,0.16499999999999998,1.454545454545455,0.387,0.16999999999999998,2.2764705882352945,0.09643675600311363,669.6080073733847,0.0033398916306423554,0.4799537894620434,143.7034019483245,0.44273761835718517,0.5840948243751023,2.260060605804713,0.9369370302833897,0.8539386419281156,0.4854854854854853,0.4023505548869293,-0.15515515515515516,0.5781563126252505,0.9796715839122201,0.9352780009163557,0.7144264592468658,0.10683563753952213,-0.5062225441204982,0.9,0.9,0.9090909090909091,0.9090909090909091,0.1136604759827104,0.11365828635416737,0.3140984273389405,0.12317632161058115
2,-2.2999999999999994,0.7380229427199507,0.7742793423582035,0.8171978191288162,0.8626297884246135,0.7158688067895537,0.7590381504719612,0.8073391964825403,0.8586732753476546,-66.44286962325964,-57.24748717571168,-46.362462410163715,-34.83996328757175,-72.27882070185342,-61.297170934429346,-49.01009113560963,-35.95145213064035,0.6573899817359827,0.18386917191628616,2,0.1,0.08499999999999999,1.1764705882352944,0.254,0.16699999999999998,1.5209580838323356,0.379,0.168,2.255952380952381,0.0839132117586655,665.2950971297627,0.008015182448361559,0.480436758281876,59.940838699197116,0.4449605737451239,0.5368637164634869,2.7367875826166563,0.9437342014358829,0.8531856844893855,0.4454454454454453,0.42133217438472886,-0.13513513513513503,0.591182364729459,0.9673572097747059,0.926701938995417,0.6698023565844166,0.119428188661477,-0.505084295781321,0.9,0.9,0.9090909090909091,0.9090909090909091,0.11896371885452726,0.11896351681048285,0.2897952223491314,0.12041447987384783
2,-2.2999999999999994,0.7388347489522986,0.758002824846674,0.7994256740462349,0.8640432957847799,0.7166725166044888,0.7421874979243943,0.7882437089375951,0.8580144456107986,-66.21782753205994,-61.3578075309176,-50.85514274998144,-34.47149862179174,-72.03785157374972,-65.5505019696715,-53.84041139442439,-36.10074875238138,0.7940774557535674,0.6577182683555982,2,0.1,0.086,1.1627906976744187,0.246,0.154,1.5974025974025974,0.367,0.175,2.0971428571428574,0.12641221395872615,662.516172894728,0.0011407020452933597,0.6240197876071588,547.0488899199586,0.462403355654357,0.5894751887448859,2.55161624596303,0.9378537538830259,0.8520622747216362,0.4454454454454453,0.4620241371751313,-0.15515515515515516,0.5671342685370742,0.9868917844253586,0.9376553278507508,0.7238112359458717,0.1037368073039092,-0.5135116305296874,0.9,0.9,0.9090909090909091,0.9090909090909091,0.11773383567683902,0.11773548980651609,0.3145983161837392,0.12428605293463649
2,-2.2999999999999994,0.6783378640606444,0.7554665588037247,0.8095905183328701,0.8597657638292782,0.6835750054543229,0.7457890288197149,0.8045671754268412,0.8569172371456645,-81.58085322699893,-62.01925730881621,-48.29218686729021,-35.56660035547634,-80.4517729889206,-64.63371635370939,-49.68923918200039,-36.37911718166396,0.9303152030284776,1.2459705995199686,2,0.1,0.08399999999999999,1.1904761904761907,0.252,0.16999999999999998,1.4823529411764707,0.361,0.175,2.0628571428571427,0.12226498370853556,668.9701888227278,0.003838483463033003,0.6229003364299217,162.27771786145274,0.47018089429780074,0.5926435566940442,2.8505269511260884,0.943449856152397,0.8437748720577005,0.4854854854854853,0.4620241371751313,-0.13513513513513503,0.5861723446893787,0.9658092701230364,0.9302887862829641,0.6847947356502025,0.11162900360559148,-0.520124454239695,0.9,0.9,0.9090909090909091,0.9090909090909091,0.11739027539381204,0.11738741024251523,0.31127325834305586,0.12465616536310002
2,-2.2999999999999994,0.7378595460093288,0.7682804058400856,0.8171887077254789,0.8679721604756441,0.722612236656085,0.7597667859607156,0.8133382294366243,0.8655251786518543,-66.50281186886997,-58.78529750809113,-46.3776757557234,-33.494344118493274,-70.59671698946573,-61.14067909323714,-47.50645100691426,-34.22458435253202,0.610638479381292,0.10107164325208595,1,0.1,0.086,1.1627906976744187,0.25200000000000006,0.179,1.4078212290502796,0.41100000000000003,0.186,2.209677419354839,0.0810083784376423,663.6964400056995,0.012689319272065926,0.400179524283717,31.536721214404785,0.43921424670580467,0.5468830552214301,2.2649947113758815,0.9406884482732635,0.8479100683739658,0.38538538538538525,0.4023505548869293,-0.19519519519519515,0.5811623246492986,0.951716969977254,0.9352649631891331,0.6702645087912901,0.1089766847641007,-0.5123917320587226,0.9,0.9,0.9090909090909091,0.9090909090909091,0.11684819304631056,0.1168458491982048,0.28254897454828537,0.11928809926484796
2,-2.2999999999999994,0.6780306058209467,0.7410134294138978,0.7982334711548232,0.8575287405047548,0.6626510771725675,0.7334949617693248,0.7950233416891673,0.857198264075014,-81.65680724043855,-65.68331293144826,-51.17135619518103,-36.13308713261108,-85.75493665961568,-67.74624469345292,-52.10557722496975,-36.30055705082134,0.9173195184018291,1.1145806416013535,3,0.1,0.086,1.1627906976744187,0.24,0.17,1.4117647058823528,0.384,0.187,2.053475935828877,0.12048677709120792,671.5170582622367,0.025867278450215248,0.6015965500495369,23.25704852203077,0.477909528146949,0.5680356633847425,2.231689999991189,0.9471831575106116,0.8486651729761663,0.4454454454454453,0.48382096649259576,-0.13513513513513503,0.5661322645290581,0.9589125817172525,0.929685802784102,0.6793903456421104,0.11379696742508136,-0.5108731711456005,0.9,0.9,0.9090909090909091,0.9090909090909091,0.11775790312160395,0.11775503197501722,0.32402787125176985,0.12637562797770227
2,-2.2999999999999994,0.7224632399163623,0.7573345114335156,0.8058438429343262,0.8548187573373149,0.6915638897992675,0.7435630013598462,0.7935166818940674,0.8498882764536373,-70.37679751381302,-61.534262874897706,-49.233436852664965,-36.814549952216964,-78.39368538416784,-65.17732758065614,-52.48084689610732,-38.15315664728803,0.9920595240431207,1.34149603690408,2,0.1,0.08,1.25,0.257,0.17099999999999999,1.5029239766081872,0.402,0.177,2.2711864406779663,0.11811070221825382,668.3750945836438,0.0022018968761017004,0.6508313879987722,295.5775972356263,0.46887254308786463,0.5724669488749742,2.09149710128638,0.9420690064704332,0.8488268119475479,0.4254254254254253,0.3669142378402494,-0.15515515515515516,0.5771543086172345,0.9716561708299555,0.9348421070524516,0.6905057031412789,0.10737325929066138,-0.4794312320272553,0.9,0.9,0.9090909090909091,0.9090909090909091,0.11457969502465042,0.11458053639772756,0.3217016731598392,0.12764655705303413
2,-2.2999999999999994,0.7415207288607792,0.7536746973227859,0.8014381858271575,0.8544339309799825,0.7301127340406951,0.7458250961401156,0.7971211733000203,0.852567330786954,-65.53999048943564,-62.4582308810229,-50.34732323058816,-36.90972485765744,-68.5867570230173,-64.59375662064514,-51.55782634844465,-37.467231455428504,0.8368448073734682,0.873723063433864,2,0.1,0.08199999999999999,1.2195121951219514,0.255,0.16799999999999998,1.517857142857143,0.4,0.16799999999999998,2.3809523809523814,0.07741887425180827,666.1264314062769,0.006127370303481779,0.530751397033465,86.61976847259812,0.48615225635927173,0.581077610638222,2.5606501353321134,0.9449863465462713,0.8491766294308268,0.4254254254254253,0.3345989120549975,-0.13513513513513503,0.5811623246492986,0.9695061378462622,0.9292952298711877,0.6710713944882494,0.11337714520773294,-0.501590380240394,0.9,0.9,0.9090909090909091,0.9090909090909091,0.11909138347874275,0.11909262801750138,0.30950462115182437,0.11660963595380527
2,-2.2999999999999994,0.6699678692659539,0.7612575747292841,0.8096721182582526,0.8625519915296102,0.6735107265061832,0.7405797365623861,0.8003645134646573,0.8576620900433302,-83.69933954877212,-60.54738753159103,-48.268991155707766,-34.85814398033969,-83.01965632448909,-65.96535587135301,-50.76328941829752,-36.193667988215225,0.8326453179684974,1.0934709167825272,1,0.1,0.08399999999999999,1.1904761904761907,0.22999999999999998,0.15,1.5333333333333332,0.379,0.176,2.1534090909090913,0.12203631166365503,669.1486734282063,0.0005820995180809168,0.6384933272953296,1096.8800135762585,0.44246362612412127,0.5714979785411587,2.5197405554621604,0.9386218584337096,0.8529699597130301,0.46546546546546536,0.4023505548869293,-0.1751751751751751,0.5791583166332666,0.9634519072826488,0.9322773293154367,0.6865421924588787,0.1114200759220711,-0.528537439568831,0.9,0.9,0.9090909090909091,0.9090909090909091,0.11444302177998193,0.11443991874502195,0.31260882225673214,0.12689260791317444
2,-2.2999999999999994,0.7803591773745691,0.7892298188716722,0.814132027169745,0.863370245684436,0.7812949172810715,0.7828422181873121,0.8064782349956056,0.8612036668168,-55.70566546881756,-53.45587883159422,-47.14013994341431,-34.6522622525832,-55.63661281883441,-55.242993336541105,-49.23020250701791,-35.30854314854611,1.1616993586577935,2.853495457548278,3,0.1,0.088,1.1363636363636365,0.25600000000000006,0.16599999999999998,1.5421686746987957,0.389,0.189,2.058201058201058,0.0998397391952971,667.3891106675593,0.0035034906997131188,0.5237582757814037,149.49612277386416,0.45462962745046887,0.5638058192702458,2.6703258332902178,0.937138733563276,0.8470520035627191,0.4454454454454453,0.4023505548869293,-0.13513513513513503,0.5340681362725451,0.9209072418907011,0.9318088679220518,0.655861322716256,0.10852137193043333,-0.49661714239924715,0.9,0.9,0.9090909090909091,0.9090909090909091,0.11764566885052796,0.11764514969882463,0.3140471344801893,0.12425038470557652
2,-2.2999999999999994,0.7746183039501545,0.7757380729884079,0.8263997883891177,0.8718803418318483,0.753461894418354,0.7676585020830209,0.8177740458090064,0.8667751378431292,-57.16146889004139,-56.87747225603789,-44.028611325674945,-32.493800441371576,-62.68842424717869,-59.07858485925229,-46.3354656604549,-33.875723428060496,0.918927703157505,1.347165214253689,2,0.1,0.093,1.0752688172043012,0.24900000000000003,0.172,1.4476744186046515,0.35100000000000003,0.189,1.8571428571428572,0.12070715839626311,670.1028538323312,0.018263628590202877,0.6185316913330582,33.866856647799764,0.4890516168929261,0.5521393305249215,2.434256699353075,0.9424627818765989,0.8504281375295831,0.46546546546546536,0.3669142378402494,-0.15515515515515516,0.5831663326653307,0.976224329729759,0.9319670572324941,0.7116993514123062,0.11047907096329874,-0.5058438623970734,0.9,0.9,0.9090909090909091,0.9090909090909091,0.11487636704203683,0.11487701918471818,0.3148092762242236,0.12836711895348293
2,-2.2999999999999994,0.648339262481698,0.7456312153848226,0.7915729032680403,0.8621267710993642,0.6425621610691868,0.7374484850095598,0.7855194233283519,0.856509851732668,-89.19074855833009,-64.51485733041085,-52.8627930105375,-34.96840898015151,-90.9093732417065,-66.77634842141453,-54.55016977515203,-36.49473565630987,0.6889180925139687,0.4896064841119121,2,0.1,0.086,1.1627906976744187,0.251,0.16299999999999998,1.5398773006134971,0.39099999999999996,0.207,1.8888888888888888,0.13314530547020542,669.8675816696697,0.03826086927097615,0.6210644353189658,16.23236604794266,0.43013283969511995,0.5861818538463153,3.068187557280563,0.947914204710698,0.8541172384931932,0.4454454454454453,0.3842240846055061,-0.13513513513513503,0.5711422845691383,0.9609026755967426,0.9289449797083305,0.694116310509722,0.11730252586290889,-0.5129757003327727,0.9,0.9,0.9090909090909091,0.9090909090909091,0.11519444531691128,0.11519183995453752,0.30148607324128046,0.13068768013001197
2,-2.2999999999999994,0.7368539544249746,0.7812021001881133,0.8210701910192881,0.8684218314074347,0.7292328514536942,0.7764394302942258,0.820017027452866,0.8684490400825574,-66.7530154181417,-55.50309352999852,-45.389640082010004,-33.3778130602619,-68.87024446050378,-56.863142999539605,-45.779081342024114,-33.46028798976994,0.7124888989471073,0.3510990172308346,2,0.1,0.087,1.149425287356322,0.24500000000000002,0.173,1.4161849710982661,0.371,0.191,1.9424083769633507,0.13043451430808595,670.9429546466729,0.004490054729286597,0.5764945802387105,128.39366444210512,0.46311668959808705,0.596334551130348,2.3384716735534083,0.9362369002103471,0.846832981179177,0.40540540540540526,0.4620241371751313,-0.15515515515515516,0.6012024048096193,0.9528789247347595,0.9260721572009621,0.6511817454760688,0.11863739624402933,-0.500545721076385,0.9,0.9,0.9090909090909091,0.9090909090909091,0.11813002780624585,0.11812957955100856,0.3034988050520218,0.1255097405631919
2,-2.2999999999999994,0.7279517617462032,0.7378996965385041,0.776850859940571,0.8527016717506171,0.7064419798946641,0.7237934259493969,0.7692358581978311,0.847572449703015,-68.9779815000677,-66.45567712319814,-56.5795880670824,-37.34757271796093,-74.6206625674082,-70.21003055455361,-58.658840769869926,-38.746155845466575,0.7674903284438389,0.8205309784926311,1,0.1,0.092,1.0869565217391306,0.24100000000000002,0.16,1.50625,0.413,0.185,2.2324324324324323,0.08656357998199249,671.0171963268423,0.0030130887915746918,0.4989030792892239,165.5786184211613,0.4510372836764097,0.5779047657831057,2.6192608210776855,0.9421201088256587,0.8520383863897323,0.40540540540540526,0.441209286319119,-0.15515515515515516,0.6062124248496994,0.9579775930706881,0.9355815119557415,0.7095691191447114,0.10426440958646681,-0.5163842935608005,0.9,0.9,0.9090909090909091,0.9090909090909091,0.11452446314033919,0.11452441338619723,0.3042800312541601,0.1195197551926665
2,-2.2999999999999994,0.714741657470696,0.7534165351829611,0.8034140044345676,0.8561265137520874,0.7192821566712404,0.7513640756203237,0.798339977368063,0.8546372520202224,-72.34067321329002,-62.53283844379675,-49.85362789888367,-36.48589121157022,-71.33899183812181,-63.185994768464354,-51.247981026154264,-36.94112126514011,0.8827168446038695,0.8565812532791335,1,0.1,0.094,1.0638297872340425,0.23999999999999994,0.181,1.325966850828729,0.387,0.177,2.186440677966102,0.12304518723270907,670.0312466320165,0.04331507656651983,0.6010248528046709,13.875650245744458,0.4837834988421599,0.5927564375460934,3.502458600331622,0.9423244281634247,0.8542137323907008,0.4254254254254253,0.4023505548869293,-0.2152152152152152,0.6062124248496994,0.9686174653621858,0.9367056895840007,0.6968496123372309,0.10779701665442014,-0.5023645386970469,0.9,0.9,0.9090909090909091,0.9090909090909091,0.11399441121270526,0.11399494166478841,0.3116374612245994,0.1238266008844081
2,-2.2999999999999994,0.6960253012672655,0.7785105771437841,0.8070103625706527,0.8732168688632893,0.6956187773812204,0.7624556343058779,0.799275487678287,0.8685028062851647,-77.09177875018509,-56.172482951781944,-48.94458154513339,-32.15378495511101,-77.37969330958487,-60.38844974301304,-51.02811884891827,-33.429172907518364,0.8845770395146071,1.128729973280234,2,0.1,0.089,1.1235955056179776,0.251,0.15300000000000002,1.6405228758169932,0.40700000000000003,0.221,1.8416289592760182,0.09652467963752287,669.8061604595667,0.01898566696941101,0.5276709773101325,27.79312299959206,0.42252307677086987,0.554196188693604,2.2459832748077866,0.941130568865701,0.8537548216632938,0.4254254254254253,0.441209286319119,-0.13513513513513503,0.5711422845691383,0.9725603450706777,0.9309572548590758,0.6773100804437457,0.1121244350762581,-0.5028582708882965,0.9,0.9,0.9090909090909091,0.9090909090909091,0.1129581353633633,0.11295850983076008,0.30744435943279835,0.12096774057060378
2,-2.2999999999999994,0.7000434103336447,0.7471957889120339,0.7893093342046427,0.8555938030516681,0.6904080698860274,0.7372745371013647,0.7810923059269571,0.8513226802360121,-76.07145637136051,-64.11322563596775,-53.43288443415105,-36.622598367077245,-78.75213736889,-66.83052667710587,-55.68442558693542,-37.81964441186034,0.8397446057920002,0.8626652482324606,2,0.1,0.08299999999999999,1.2048192771084338,0.254,0.175,1.4514285714285715,0.384,0.188,2.0425531914893615,0.12383268994704288,671.6837294967061,0.04723441459101608,0.5476963278049608,11.595281375819821,0.4585857760225528,0.5850149083962071,2.8014261262887517,0.9438067196337296,0.8639103292368939,0.40540540540540526,0.3669142378402494,-0.15515515515515516,0.591182364729459,0.9819003471580363,0.9321508447585082,0.7019231746489569,0.10977332204278745,-0.48395046605809655,0.9,0.9,0.9090909090909091,0.9090909090909091,0.11720716540727197,0.11720748984766724,0.3179186761554142,0.12814533969655548
2,-2.2999999999999994,0.7426218207221476,0.756326148654977,0.8096579206794978,0.8649996355499306,0.7211701159001956,0.7430480067000441,0.8009115980517473,0.8613023396068817,-65.28638242176478,-61.81015146556513,-48.282048681589714,-34.24410509583271,-70.91450402297775,-65.35032362621371,-50.63393877764585,-35.2748265404895,0.8693976549316863,0.9822312582031874,3,0.1,0.08399999999999999,1.1904761904761907,0.24400000000000005,0.15899999999999997,1.534591194968554,0.38,0.178,2.1348314606741576,0.10255905061957671,669.5107993589546,0.005331596075719661,0.545342736931861,102.28508108770232,0.5102490402285937,0.5731271731575069,2.547191802009565,0.9412676726304213,0.8413511618338864,0.4454454454454453,0.42133217438472886,-0.11511511511511506,0.5811623246492986,0.9254757725128884,0.9307968871018939,0.6664079297873048,0.11127217152634038,-0.503464584211495,0.9,0.9,0.9090909090909091,0.9090909090909091,0.11589221137276094,0.1158900958748591,0.3017597478214909,0.11906542345326594
2,-2.2999999999999994,0.7176883273590959,0.7731765313325727,0.8112016256232688,0.8615174726106873,0.7046300537841179,0.7514407244207181,0.8047305550239994,0.8587462272842467,-71.60173545803221,-57.52845373792468,-47.884280272832655,-35.12284560866081,-75.1033648661367,-63.20087132713732,-49.65092949071342,-35.91642875959985,0.7331915846282754,0.5289213918190128,1,0.098,0.076,1.2894736842105263,0.23899999999999996,0.161,1.4844720496894408,0.4,0.185,2.1621621621621623,0.1025238978745644,667.9410436079407,0.0012450252483516778,0.5317949029913112,427.13583816502404,0.45285719403857916,0.5708767746384074,2.6584741797104234,0.9441373731173454,0.8573582055400971,0.4454454454454453,0.3842240846055061,-0.15515515515515516,0.5781563126252505,0.9630772643902769,0.9291424237140437,0.6653571693631207,0.11615096904453462,-0.5127823514626203,0.9,0.9,0.9090909090909091,0.9090909090909091,0.11543375045508024,0.11543219960009983,0.3006106327083782,0.12247884938978629
2,-2.2999999999999994,0.7399834531287004,0.7757939366600278,0.8134412540312139,0.8726385294478401,0.7201537916506375,0.7621575229327453,0.8092110984716,0.8697638832242046,-65.95886560541274,-56.87475577113824,-47.324692989481946,-32.30801354967497,-71.2164301595486,-60.52714545229168,-48.552755318920674,-33.14303012830288,0.7601485390497998,0.6105110926499213,1,0.1,0.09,1.1111111111111112,0.246,0.166,1.4819277108433735,0.40700000000000003,0.184,2.211956521739131,0.11261175626354325,670.0989956496305,0.025469615448340067,0.5862198830161764,23.01644028372569,0.4645684542993883,0.5547318010655664,2.2792696021857557,0.9457123001979737,0.8596792400660398,0.4454454454454453,0.3669142378402494,-0.13513513513513503,0.5811623246492986,0.9077177731220543,0.9333975719855996,0.6716431994838776,0.10624437615419105,-0.5145286613482803,0.9,0.9,0.9090909090909091,0.9090909090909091,0.11519061927922548,0.11518920888487996,0.2987538921106303,0.1265454228484544
2,-2.2999999999999994,0.7162134476198831,0.760380434104316,0.7937608662612193,0.867464645060939,0.7055823506126707,0.7467161616644937,0.7883871236437976,0.8628922820940234,-71.9808187560646,-60.77811791462662,-52.31136423326538,-33.6168267404754,-74.86663374594428,-64.40683293916479,-53.81044153790941,-34.86473491507593,0.8648628718994683,0.7861894912070473,1,0.1,0.083,1.2048192771084338,0.25200000000000006,0.16899999999999998,1.49112426035503,0.38699999999999996,0.174,2.2241379310344827,0.09582973874900547,667.8128471006784,0.0037831121275665783,0.5132333944157688,135.66433589847026,0.4679179158861244,0.5896429898512454,2.7601089891812123,0.9437655190160116,0.8344803249285171,0.4254254254254253,0.3842240846055061,-0.13513513513513503,0.5681362725450901,0.984861659777079,0.9342165884338205,0.6822904212338933,0.10976164787034749,-0.5243689710397752,0.9,0.9,0.9090909090909091,0.9090909090909091,0.11308279206952321,0.11308735134102535,0.3142246543184787,0.1222188687291807
2,-2.2999999999999994,0.6913437799699095,0.7526666001560719,0.8022864243486888,0.8733802379743479,0.6890783545952098,0.7366152898474246,0.7950544920706138,0.8695448325709902,-78.28173591297258,-62.72897363659959,-50.144338299861886,-32.11344573353881,-79.05862513908878,-66.97132018650768,-52.11187553132595,-33.171078088821446,0.8229178668316871,0.8455280797694931,2,0.1,0.092,1.0869565217391306,0.248,0.16399999999999998,1.5121951219512197,0.40800000000000003,0.202,2.01980198019802,0.07129987781877323,669.8689960306916,0.004541152008176395,0.4656509089298717,102.54026028890071,0.4417465525572172,0.5560581004204128,2.7547370750401483,0.9440481583482382,0.8483828610866386,0.40540540540540526,0.31952475057592133,-0.15515515515515516,0.5921843687374749,0.9549565803336049,0.9367355082512824,0.6843398516135593,0.10426515591480032,-0.48510494954788363,0.9,0.9,0.9090909090909091,0.9090909090909091,0.11757045433379497,0.1175722964277858,0.30255658488217846,0.12205300773587204
