problem_id,matrix_id,disp.ratio_mean_02,disp.ratio_mean_05,disp.ratio_mean_10,disp.ratio_mean_25,disp.ratio_median_02,disp.ratio_median_05,disp.ratio_median_10,disp.ratio_median_25,disp.diff_mean_02,disp.diff_mean_05,disp.diff_mean_10,disp.diff_mean_25,disp.diff_median_02,disp.diff_median_05,disp.diff_median_10,disp.diff_median_25,ela_distr.skewness,ela_distr.kurtosis,ela_distr.number_of_peaks,ela_level.mmce_lda_10,ela_level.mmce_qda_10,ela_level.lda_qda_10,ela_level.mmce_lda_25,ela_level.mmce_qda_25,ela_level.lda_qda_25,ela_level.mmce_lda_50,ela_level.mmce_qda_50,ela_level.lda_qda_50,ela_meta.lin_simple.adj_r2,ela_meta.lin_simple.intercept,ela_meta.lin_simple.coef.min,ela_meta.lin_simple.coef.max,ela_meta.lin_simple.coef.max_by_min,ela_meta.lin_w_interact.adj_r2,ela_meta.quad_simple.adj_r2,ela_meta.quad_simple.cond,ela_meta.quad_w_interact.adj_r2,ic.h_max,ic.eps_s,ic.eps_max,ic.eps_ratio,ic.m0,nbc.nn_nb.sd_ratio,nbc.nn_nb.mean_ratio,nbc.nn_nb.cor,nbc.dist_ratio.coeff_var,nbc.nb_fitness.cor,pca.expl_var.cov_x,pca.expl_var.cor_x,pca.expl_var.cov_init,pca.expl_var.cor_init,pca.expl_var_PC1.cov_x,pca.expl_var_PC1.cor_x,pca.expl_var_PC1.cov_init,pca.expl_var_PC1.cor_init
4,66,0.7585311666775373,0.8029529646331539,0.8193143793103222,0.8688915489480743,0.7534213358923625,0.799419519357424,0.8192166750173469,0.8681239403741023,-61.246393396524866,-49.97920468510472,-45.829279305280124,-33.25447702814688,-62.73999232745638,-51.036118076539395,-45.99888827928967,-33.5548211320191,0.046622518624184345,-0.09632315895280863,1,0.1,0.101,0.9900990099009901,0.25,0.23900000000000002,1.0460251046025104,0.5069999999999999,0.337,1.5044510385756673,-0.00010734893525232714,987.3327440445696,6.55333851482196e-05,0.03998230271762706,610.1058663030669,-0.00010510811491459826,0.5159418361035236,1.329856316377513,0.510468338077972,0.8719265464942618,0.025025025025024985,0.13936192742241435,-0.5755755755755754,0.6342685370741483,0.8875912376289987,0.921076910114345,0.6137937324612348,0.12084613936305928,-0.6195875619668714,0.9,0.9,0.9090909090909091,0.9090909090909091,0.11339214974162619,0.11339267359184255,0.10977466405782835,0.10413919828948269
4,66,0.7482235718552528,0.7700805822191826,0.7972630892707377,0.8484051751847123,0.7381784233561051,0.7657859648698229,0.795904684633644,0.8495450994604086,-63.848082374360814,-58.30535461204957,-51.41213207268001,-38.44299060740019,-66.56293408141738,-59.54426514861595,-51.88717903694442,-38.25016927640044,0.2184343601289614,0.11316981494204281,1,0.1,0.099,1.0101010101010102,0.25,0.227,1.1013215859030836,0.497,0.317,1.5678233438485805,0.002538626263246635,987.1399532896199,0.00707500137300147,0.030980986950632432,4.378937235101791,0.003911219086288664,0.5724759382230848,1.3760971102991664,0.5939710885054289,0.8632404941240314,0.00500500500500498,0.13936192742241435,-0.5755755755755754,0.6402805611222445,0.9045106537830725,0.923373862874727,0.5935445081763683,0.12084413311998264,-0.6307229463119656,0.9,0.9,0.9090909090909091,0.9090909090909091,0.11679038808929529,0.11679131466684171,0.11326187224343436,0.10865499066788802
4,66,0.6838205531266293,0.756624436049284,0.7873985651286926,0.8593811118771146,0.6824410470455693,0.7559161475758491,0.7846447628842423,0.8594081169079867,-80.19187810085768,-61.72679391421585,-53.92162114856055,-35.66485059841597,-80.8072671619467,-62.11051173098514,-54.80011827232158,-35.77554892444729,0.06920294397082133,0.149147081043989,1,0.1,0.099,1.0101010101010102,0.25,0.238,1.050420168067227,0.488,0.33099999999999996,1.474320241691843,0.0030303237158045837,986.7648546619531,0.001493214129419369,0.050180596925482907,33.60576084623272,0.012308658704122677,0.563591556557668,1.3149264018254405,0.5621960393275315,0.8751345347045419,-0.035035035035035036,0.16003103137387018,-0.5755755755755754,0.6392785571142284,0.8847317551937097,0.9222769464573685,0.6177830902628061,0.12204646207511637,-0.6285365990184384,0.9,0.9,0.9090909090909091,0.9090909090909091,0.11695045757218442,0.11695307554987786,0.11360485642898957,0.10901709992767387
4,66,0.7258545065085711,0.7991704968950468,0.8264828777181119,0.8689073637961979,0.7319419149689996,0.7980662244831991,0.8252327125731571,0.8692363429400332,-69.55799375483713,-50.95577952003842,-44.025903013496844,-33.2616839848009,-68.24359501149812,-51.4093309064624,-44.49314775577929,-33.29047901536259,0.0574517197135873,-0.23849378196687487,2,0.1,0.099,1.0101010101010102,0.25,0.23500000000000001,1.0638297872340425,0.531,0.344,1.543604651162791,-0.0013823182474765883,987.2175810271485,0.003149518673958157,0.033354520466889706,10.590354882694319,0.012080288258893068,0.5108666901128615,1.2147337521068262,0.5140129951545688,0.8651387670989512,-0.015015015015014992,0.16758078645307686,-0.5555555555555554,0.6172344689378757,0.8683764444821102,0.9153912084924862,0.5553256731703671,0.12924451397122833,-0.6440483469934734,0.9,0.9,0.9090909090909091,0.9090909090909091,0.12216116542174534,0.12215989770418782,0.1183713323190369,0.11165111208328947
4,66,0.7196763713060871,0.7605239610661136,0.8043069005560501,0.8667563814555957,0.725398456257995,0.7634138207437228,0.8049879283509562,0.8670315566986795,-71.12692494381116,-60.76260615793606,-49.65349678520997,-33.80809851672501,-69.91093658951883,-60.2325870078933,-49.64821533580303,-33.85249872003422,-0.050131870313528754,0.2223636265845932,1,0.1,0.10300000000000001,0.970873786407767,0.25,0.244,1.0245901639344261,0.5089999999999999,0.34400000000000003,1.4796511627906972,-0.001976120268794457,986.9849728917858,0.0023774527686401883,0.03096985141514758,13.026484405349994,0.007492132747192737,0.5434171619047499,1.4039475138521922,0.5424786431618656,0.8738961977019285,0.00500500500500498,0.13936192742241435,-0.5755755755755754,0.6282565130260521,0.8797176839858264,0.9190281667496882,0.594072127456628,0.12792449780000636,-0.652264456347158,0.9,0.9,0.9090909090909091,0.9090909090909091,0.11799671974973716,0.11799669841474894,0.11421000026345487,0.10735943934698501
4,66,0.7374530349051874,0.7618057174158464,0.8179483949428094,0.8720146549837133,0.7411881214114296,0.7572786452676379,0.8150863276816286,0.8731799368440069,-66.59495367759291,-60.417903551963775,-46.177331363692815,-32.46344180627804,-65.83123497266047,-61.73845892780537,-47.034531329992205,-32.25787557510708,0.026785542927663723,-0.14481220202862088,1,0.1,0.101,0.9900990099009901,0.25,0.248,1.0080645161290323,0.503,0.347,1.4495677233429396,-0.00524185071343064,987.4525160918286,0.0010950736547862363,0.021910844644062902,20.008557915987858,0.020288656349892742,0.5178698978527136,1.19161763122168,0.5124549691654927,0.8718930965260143,0.04504504504504502,0.16003103137387018,-0.5955955955955954,0.6723446893787575,0.8787932031517949,0.9100096310252217,0.5515490191715389,0.13563045796743875,-0.6401869472564873,0.9,0.9,0.9090909090909091,0.9090909090909091,0.11722411063947309,0.11722616132232185,0.11358728350715422,0.10692253270525712
4,66,0.7860513297768764,0.7754432376098085,0.8030121932420226,0.8581691267541173,0.7913148422717787,0.7733021116943835,0.8022495145257147,0.8594906909910078,-54.25169163313495,-56.94162162645276,-49.95086782533471,-35.96453668709108,-53.02641216549651,-57.60340502028754,-50.24793743282311,-35.70308791343595,0.12572020187896119,-0.28969893651504375,1,0.1,0.1,1.0,0.25,0.242,1.0330578512396695,0.546,0.33,1.6545454545454545,-0.004542053432070148,988.6644101723808,7.540343741857706e-05,0.023486319186112416,311.4754444911568,-0.0010991472297812166,0.5764150562109007,1.395442238976859,0.572621166815408,0.8667354702109045,0.04504504504504502,0.1754867149648152,-0.5755755755755754,0.6352705410821643,0.8962856849842702,0.9204840839160889,0.6118945111224403,0.12348630046132704,-0.6495696692727435,0.9,0.9,0.9090909090909091,0.9090909090909091,0.11781454405986838,0.11781521198223395,0.11399787880798896,0.10833212803792085
4,66,0.7879269083594687,0.7641896268443933,0.7979176269077398,0.8621167673920146,0.7831715931623702,0.7578176865005525,0.7962711569018481,0.861983845327576,-53.771874658747834,-59.79054546933597,-51.23869300249575,-34.96077623042751,-55.07343388331276,-61.51321141333412,-51.7462039874319,-35.05547856961738,0.10370564782971756,-0.09737365199959314,1,0.1,0.101,0.9900990099009901,0.25,0.24699999999999997,1.0121457489878545,0.525,0.296,1.773648648648649,-0.0027711014651430332,986.5404794442953,0.006102917242338755,0.03621403794079306,5.933889728924973,0.03489693683701478,0.5757036920474277,1.2167691602579715,0.6027175724916383,0.8710824644511317,0.025025025025024985,0.16003103137387018,-0.5755755755755754,0.6392785571142284,0.8767127776380547,0.9197902720829155,0.5749875658698987,0.1242078076756354,-0.6351417705199166,0.9,0.9,0.9090909090909091,0.9090909090909091,0.11572268023486287,0.11571815725593308,0.1119857084543344,0.10524992175575248
4,66,0.7417499956705491,0.8011793430234982,0.825284023782429,0.859021391943693,0.738181508836729,0.8072549501335273,0.827950193282663,0.8601453442764547,-65.50447837420134,-50.43037059797075,-44.316277614351236,-35.75887716489086,-66.57536536637122,-49.0113286514119,-43.74892962116007,-35.56232702134392,0.08193633310495498,0.10367708697855926,1,0.1,0.101,0.9900990099009901,0.25,0.23399999999999999,1.0683760683760684,0.489,0.317,1.5425867507886435,-0.0013472616425826978,987.5400181364174,0.00015074722565574427,0.031663856892727583,210.04603404799724,-0.0037410647523981044,0.5559210970219888,1.2641899074352965,0.5407651166440386,0.8551400932832172,0.00500500500500498,0.1754867149648152,-0.5555555555555554,0.6442885771543087,0.8991415744927781,0.9216069323111352,0.6095355004370485,0.11889470993669964,-0.6357355363482575,0.9,0.9,0.9090909090909091,0.9090909090909091,0.1158613195442559,0.1158655765869635,0.11208903021432812,0.10716987169250368
4,66,0.7706898866049284,0.7877936321513126,0.814478630557215,0.8635757532008574,0.7707525959082004,0.7923046821577578,0.8181802659478628,0.8646157574326268,-58.15900986968785,-53.82105507426638,-47.05304531366923,-34.60073783307715,-58.27842853920069,-52.79953675701694,-46.22154139521177,-34.41688221968707,0.13923866598711476,0.11610285590773906,1,0.1,0.1,1.0,0.25,0.25,1.0,0.48,0.33399999999999996,1.437125748502994,-0.003423528686784305,986.8795544207976,0.005605804557010373,0.024283409468510018,4.331833052963335,0.000440908185147193,0.5350536785653555,1.3312306731727197,0.5503867200248165,0.8752159082427942,0.04504504504504502,0.1754867149648152,-0.5555555555555554,0.6442885771543087,0.8895211898875593,0.9176105023133861,0.597229491345137,0.12511900264038237,-0.6283736103113434,0.9,0.9,0.9090909090909091,0.9090909090909091,0.11774306160710413,0.11774679663292968,0.11402810826958547,0.10763821490167577
4,66,0.7103974419505593,0.7690480151347688,0.8104409747337833,0.8676822927028643,0.7018691813300535,0.7628615990249885,0.8098556358957895,0.8695056362091917,-73.46694065000534,-58.5883490787337,-48.087702514452644,-33.56661354933158,-75.85134717050283,-60.33347125956399,-48.377105857512845,-33.2007718485774,0.10406417987039446,-0.1834203879715881,1,0.1,0.101,0.9900990099009901,0.25,0.25599999999999995,0.9765625000000002,0.506,0.31900000000000006,1.5862068965517238,0.001486821413567374,987.1484860288386,0.0006683858305428137,0.05220230302117558,78.1020491993086,-0.011816916069424144,0.5430819462550553,1.5525804689992815,0.5403110838352476,0.8679593916274224,0.00500500500500498,0.16003103137387018,-0.5955955955955954,0.6442885771543087,0.8793617821053104,0.9216187863629349,0.566122462038632,0.12408984449895298,-0.6452887970677638,0.9,0.9,0.9090909090909091,0.9090909090909091,0.11402391707711496,0.11402331130582584,0.1106541547830346,0.1051702577926576
4,66,0.7837113800759975,0.7951336907798388,0.8099361065117094,0.857937491746652,0.7963085479849537,0.7978280446130961,0.8120170075609202,0.858936964305822,-54.86467683701241,-51.967245683591614,-48.21240293772013,-36.03617059794456,-51.81311648039875,-51.4266012142613,-47.81734622256255,-35.88228876173554,0.03673163324006482,-0.23781957824350775,1,0.1,0.1,1.0,0.25,0.242,1.0330578512396695,0.5169999999999999,0.33699999999999997,1.5341246290801185,-0.0001736795576350314,987.0399924714341,0.006064795284748813,0.034044551888623924,5.613470907127899,0.0022182019850971457,0.5914312406342008,1.2387685208058339,0.5945469348456334,0.8651098258816063,0.025025025025024985,0.12708787092020596,-0.5555555555555554,0.6342685370741483,0.9121484445822103,0.920602973978296,0.6485932061048351,0.12187356264467976,-0.6397255800755827,0.9,0.9,0.9090909090909091,0.9090909090909091,0.11438518429984647,0.11438456624604035,0.11058279004279029,0.10656395927756103
4,66,0.7380261770290315,0.7910490260875317,0.815819652873153,0.8704401275958632,0.7365731255103166,0.7900437226261762,0.8148045255965841,0.8703233390471535,-66.44909147350046,-52.99996091794745,-46.71694520871725,-32.86258037174801,-67.011010295743,-53.409061972164835,-47.11036361044603,-32.98738626824914,0.06417172757530624,-0.17256859800869195,1,0.1,0.1,1.0,0.25,0.24300000000000002,1.02880658436214,0.492,0.331,1.4864048338368578,-0.004855467082215181,987.8919324572576,0.00068731696992159,0.026401733837524016,38.41274840127396,-0.003571045463607092,0.49925278885262436,1.3469040515286075,0.5048790013352075,0.8648858401697844,0.00500500500500498,0.16758078645307686,-0.5755755755755754,0.6102204408817635,0.8686555964990824,0.9165806070101117,0.5791857566570746,0.12618200879503005,-0.6213315205915776,0.9,0.9,0.9090909090909091,0.9090909090909091,0.11458105485734682,0.1145819510275157,0.11104728850368259,0.1044166465099638
4,66,0.6702982261006238,0.7441124278996518,0.798677396061337,0.8615168467254509,0.6605502745090889,0.7448328324726124,0.7989732604295099,0.8611112706427491,-83.61419955677775,-64.89450834507127,-51.056529608345386,-35.12009618936386,-86.3198092184004,-64.8873148679375,-51.119763854357245,-35.31848082471038,0.04569653293809357,0.07853507984843056,1,0.1,0.1,1.0,0.25,0.23900000000000002,1.0460251046025104,0.513,0.323,1.588235294117647,-0.0035145670245966265,987.5036618655456,0.001210228939300241,0.029408957136196796,24.30032548486336,0.024504892455148752,0.5542561890915948,1.1544732675181562,0.5590001802603863,0.8726289576217868,0.00500500500500498,0.14593657991557576,-0.5955955955955954,0.6603206412825652,0.919619757710703,0.9271283670469885,0.639489290618553,0.114962298466392,-0.6390220686938584,0.9,0.9,0.9090909090909091,0.9090909090909091,0.1179575190333115,0.11795571635526406,0.11425477687898654,0.10768879390105522
4,66,0.7111831568379521,0.7750122459849011,0.8111030545452066,0.8584730341168638,0.7159092407728008,0.7748543994825223,0.8088603401098726,0.859248572081655,-73.23592493180126,-57.0506417950819,-47.899015742000444,-35.887305379303996,-72.2124108508049,-57.22926944208294,-48.58537351730769,-35.777298664432834,0.05450640734532413,-0.03504263237678895,1,0.1,0.1,1.0,0.25,0.246,1.016260162601626,0.49800000000000005,0.332,1.5,0.002219010553256351,986.6370399743214,0.005872646941286017,0.039908251351451714,6.795615631324235,-0.003254786848663871,0.5480748208649364,1.502717894675399,0.568142423225486,0.8738579236156555,0.00500500500500498,0.15282140360258709,-0.5955955955955954,0.654308617234469,0.9156802778838742,0.916749425448216,0.6059089263229442,0.12703570188970717,-0.615560337046236,0.9,0.9,0.9090909090909091,0.9090909090909091,0.11244176565351166,0.11244247897102033,0.108782106809522,0.1027740638181806
4,66,0.7410571938328165,0.795396460656991,0.8177173325444003,0.8659313473463108,0.7293940617697826,0.7939088293946047,0.8188792255351637,0.8664912783168961,-65.6936290738154,-51.90779083513641,-46.24499950264081,-34.013133897109384,-68.8592794910775,-52.44263895379501,-46.08858960036636,-33.97306962662489,-0.047881475594019826,-0.16795116304647406,1,0.1,0.101,0.9900990099009901,0.25,0.24900000000000003,1.004016064257028,0.46099999999999997,0.311,1.4823151125401928,0.014518991375139567,988.4119610484561,0.005695649579048641,0.04106209115939368,7.2093780682084,0.03288150897740816,0.5588983202551964,1.3428409262457937,0.5427367841139563,0.8593683671047921,-0.035035035035035036,0.15282140360258709,-0.5955955955955954,0.6332665330661322,0.8695950991132928,0.9162390878336942,0.557494604182804,0.12877795287571708,-0.6585522113189509,0.9,0.9,0.9090909090909091,0.9090909090909091,0.11829458231626623,0.11829477161068544,0.11462403782167152,0.10955816540834235
4,66,0.7149763675075529,0.7803790233539398,0.8074399623303624,0.8691526491674336,0.7043975527458423,0.772074546388242,0.8071413200418343,0.8706642542788714,-72.30249579092558,-55.711677662277765,-48.84707696467373,-33.19230040714638,-75.21520065253503,-57.9949824044879,-49.072341739323804,-32.90911207374353,0.09924708093460667,-0.002944005026331631,1,0.1,0.101,0.9900990099009901,0.25,0.244,1.0245901639344261,0.45200000000000007,0.33399999999999996,1.3532934131736531,0.0046283259865997906,987.639669136666,0.0007364735490807773,0.047060494314614856,63.89977531895474,-0.0008734665339320546,0.5359479393790344,1.257826073738701,0.5362157119979798,0.8658489632048174,0.025025025025024985,0.16003103137387018,-0.5755755755755754,0.6482965931863728,0.8975082552574134,0.9222749775137664,0.5788168243487558,0.121476910821976,-0.63177339866668,0.9,0.9,0.9090909090909091,0.9090909090909091,0.1149041118318785,0.11490112610535497,0.11128725817807505,0.10565504987783701
4,66,0.6790183866685338,0.7398211489210381,0.7957573320689181,0.8591566720923656,0.6792762513514867,0.7363924771484247,0.7953326883932912,0.8596589414328959,-81.39481547439078,-65.97639457946818,-51.79204533151989,-35.715181835049975,-81.54103580232857,-67.01976560569577,-52.034764041058,-35.680411348952276,0.09672886247502556,0.2540432494584368,1,0.1,0.099,1.0101010101010102,0.25,0.246,1.016260162601626,0.509,0.34299999999999997,1.4839650145772596,-0.0016589514069715872,985.8796073263838,0.0011546807989094797,0.038848317628433576,33.64420510423596,-0.0022728509248564066,0.536344553124064,1.2680920021259032,0.5606954281904162,0.8547798315878622,0.00500500500500498,0.16003103137387018,-0.5755755755755754,0.6402805611222445,0.9091646375468426,0.9234498449040992,0.6348904008119272,0.11905993045028354,-0.6405563769487886,0.9,0.9,0.9090909090909091,0.9090909090909091,0.1154380094566282,0.11543733410341897,0.11182590893931366,0.1063431335184854
4,66,0.7005128686319934,0.7530076514639423,0.7974367198509388,0.8542167541361958,0.7153539839837912,0.7509900916633447,0.7970039094359168,0.8545231388959663,-75.94656771732363,-62.63448128161673,-51.36776930151365,-36.968991300136395,-72.34080655022726,-63.2841374707526,-51.59004550097953,-36.971933118719335,0.016050523618766518,-0.06968794152033686,1,0.1,0.099,1.0101010101010102,0.25,0.236,1.0593220338983051,0.48900000000000005,0.313,1.562300319488818,-0.001459850809385932,987.3898878035872,0.0017151078155822435,0.035162748039680274,20.501771212408155,-0.0021295290337515205,0.5634717110097551,1.3636329431806353,0.5609014635813714,0.8580212963052314,0.00500500500500498,0.18376562003881725,-0.5755755755755754,0.6523046092184369,0.9301747364899287,0.9219818854191684,0.6346853196859998,0.12078097050940245,-0.6569541539395932,0.9,0.9,0.9090909090909091,0.9090909090909091,0.11357649793407702,0.11357582502603054,0.10992939958229182,0.10326083106026536
4,66,0.7425128450174237,0.7569696824430586,0.7903817515277064,0.848634824271505,0.7497704685898586,0.761122587139932,0.7912686332951578,0.8503696057632908,-65.2988967648514,-61.632634132578886,-53.15931339544878,-38.38629924804371,-63.598027256177005,-60.71278688948519,-53.05090519933577,-38.029875360399075,0.1584576700290099,-0.03563362332902642,1,0.1,0.101,0.9900990099009901,0.25,0.238,1.050420168067227,0.559,0.31500000000000006,1.7746031746031745,-0.006226088633676685,987.6015721596684,0.0015176453911208256,0.016215573193481894,10.684691752337624,0.009703636526867565,0.5997550251921631,1.2382428078816061,0.5977851001054044,0.8663820442653867,-0.015015015015014992,0.18376562003881725,-0.5555555555555554,0.6392785571142284,0.9107559039047046,0.9196349147633975,0.5777573139827487,0.12806040897613263,-0.6431080576584393,0.9,0.9,0.9090909090909091,0.9090909090909091,0.11527293999661405,0.11527375950211691,0.11159554380991635,0.10527308045870395
4,66,0.6935937548296709,0.7563964787100708,0.7987526419505603,0.8650236961602067,0.6952793785675595,0.756499020542718,0.795127352800505,0.8640437450156752,-77.70051383768788,-61.774585457211,-51.033630597921075,-34.22818016791325,-77.48562400625684,-61.91843942391475,-52.09586681545329,-34.57152064567384,0.021732252517271327,0.11931638337202433,1,0.1,0.1,1.0,0.25,0.24200000000000005,1.0330578512396693,0.502,0.33799999999999997,1.4852071005917162,-2.6799241521491268e-05,986.880921140596,0.006138025690353353,0.03352495711993444,5.461846986502997,-0.003963711353155208,0.5222972160852023,1.2921959613795475,0.5134232224719055,0.8689628020561798,0.025025025025024985,0.14593657991557576,-0.5755755755755754,0.6062124248496994,0.8818663785334132,0.9200386927574786,0.6048220895786335,0.12181170239219609,-0.6457841077366262,0.9,0.9,0.9090909090909091,0.9090909090909091,0.119060786762369,0.11905860837764848,0.11526363876976728,0.10873375732899265
4,66,0.7386219190886149,0.7868720131928211,0.8285448582258492,0.873973615608586,0.7292520199791085,0.785600839285214,0.8304980878319471,0.8752554473108428,-66.3048604028499,-54.065059181383305,-43.493735974517676,-31.969634925055516,-68.86266199883278,-54.53077410216139,-43.11150496813974,-31.72781554036405,0.36427786817977337,0.15058150656083047,1,0.1,0.1,1.0,0.25,0.248,1.0080645161290323,0.45200000000000007,0.32999999999999996,1.36969696969697,-0.003047507216371148,987.2248372643255,0.0062747535651575615,0.02195741694037836,3.499327377939344,0.02254439010542353,0.5475656426830462,1.124630139429203,0.5656524134693872,0.8712896514895478,-0.015015015015014992,0.15282140360258709,-0.5555555555555554,0.6402805611222445,0.8965953151462589,0.9162942032643575,0.6185446725666538,0.12628832703422874,-0.6100464150463875,0.9,0.9,0.9090909090909091,0.9090909090909091,0.12189662082436875,0.12189415832162176,0.11789269107052729,0.11082230321784131
4,66,0.7221924235838344,0.7857560088039075,0.8037349163700006,0.8528657751372479,0.706217208369503,0.7868676953087066,0.8034682342057693,0.8535837241673895,-70.4380103716714,-54.32148636339531,-49.762940862409124,-37.305829418363146,-74.67695666729887,-54.176324601924165,-49.95661616703069,-37.217707085754654,0.1253314594186512,-0.017733173254836032,1,0.1,0.1,1.0,0.25,0.236,1.0593220338983051,0.508,0.32799999999999996,1.5487804878048783,0.0026789682927572667,987.8878376657043,0.002926338082003332,0.03409753398676267,11.651946231523581,-0.0015205181430573145,0.5343958226576214,1.273747035625539,0.5358050793311162,0.8609461263501519,0.04504504504504502,0.14593657991557576,-0.5555555555555554,0.6332665330661322,0.9073210056475659,0.9192217927947086,0.620054911363264,0.1252106225134355,-0.6316018750974741,0.9,0.9,0.9090909090909091,0.9090909090909091,0.11929750079488367,0.11929829154858547,0.1153979899612339,0.10910506344968085
4,66,0.7250653110915306,0.7670982373103286,0.8107884013550118,0.8649397382958522,0.7185464723201951,0.7648760580929372,0.8073109521163562,0.8659469990886715,-69.73865227878727,-59.07677604385151,-47.9945325830065,-34.258756743509,-71.59715552437129,-59.81166970973132,-49.016929519047466,-34.10088206702463,-0.05093802427111554,0.051594755469180686,1,0.1,0.1,1.0,0.25,0.252,0.9920634920634921,0.522,0.308,1.694805194805195,-0.005250292433207182,987.289262202436,0.000651367278268995,0.020446968439798346,31.390843725119343,0.0006401277490789559,0.5470457364193454,1.1981515022014186,0.5282085599116616,0.8774617640687584,0.04504504504504502,0.13308347246540758,-0.5555555555555554,0.6422845691382766,0.8900756553158405,0.9178809792804076,0.5711579102357157,0.129777813630127,-0.6429785520177451,0.9,0.9,0.9090909090909091,0.9090909090909091,0.11115552881928915,0.11115691343270755,0.10776501495452064,0.10224005142697033
4,66,0.7370496225217024,0.7839283759039327,0.8016541100708339,0.857734927652003,0.7342003415546776,0.7830909036296203,0.8032007086813943,0.8616491829285451,-66.67540661541818,-54.78852524502696,-50.293872890962575,-36.07365631851002,-67.527814758365,-55.106907829666966,-49.9979050630499,-35.148759789665036,0.22923109480884798,0.024300440121122868,1,0.1,0.10400000000000001,0.9615384615384615,0.25,0.244,1.0245901639344261,0.46900000000000003,0.31999999999999995,1.4656250000000004,0.003605469956618146,987.3175854135947,0.003661928765854708,0.04231002952018011,11.554028553120911,0.005930621623610577,0.5902003470565729,1.2293242794412813,0.5936239975280164,0.8841341606173316,0.04504504504504502,0.1754867149648152,-0.5755755755755754,0.6332665330661322,0.8978651310832375,0.9185616827530754,0.611491788207041,0.12301134420869825,-0.6112155070109134,0.9,0.9,0.9090909090909091,0.9090909090909091,0.11273180946772376,0.11273169481183516,0.10900449552564469,0.10405545518514653
4,66,0.7510086211151009,0.7816539320221665,0.8283597916359869,0.8647182195267566,0.7441111682847205,0.7851566250754339,0.8256526083897548,0.8647461182112616,-63.150283180549934,-55.377885314390085,-43.53214079900576,-34.31075720096922,-65.0646371181773,-54.62804348673225,-44.331164012047765,-34.390890287861026,0.1807339187377621,0.17018421984093735,2,0.1,0.1,1.0,0.25,0.25,1.0,0.48200000000000004,0.32199999999999995,1.4968944099378885,-0.004954899480424935,986.6794405482026,0.0008122134913859793,0.023807111341050152,29.311396072016933,-0.009067396161253294,0.5358657969132383,1.3645446405286694,0.5351447668575651,0.8729585000768154,0.00500500500500498,0.15282140360258709,-0.5955955955955954,0.6422845691382766,0.8867966086086183,0.9199597239435341,0.6106551889277678,0.1242123711828091,-0.6261924935550198,0.9,0.9,0.9090909090909091,0.9090909090909091,0.11556507749986203,0.11556411175927495,0.11171965114671435,0.10511260063940889
4,66,0.7613674683900232,0.7643274736761368,0.800559333986337,0.8592885602030258,0.7781611362229389,0.7626180337285597,0.7999118775255937,0.8590278877578372,-60.52016701469455,-59.7694729954367,-50.58062425619494,-35.68616474852411,-56.41168499996297,-60.36416017453931,-50.88066150845191,-35.84797656363864,0.12610188416334728,-0.007574881439727399,1,0.1,0.101,0.9900990099009901,0.25,0.238,1.050420168067227,0.487,0.32399999999999995,1.5030864197530867,-0.0033861705008060294,987.4110372612025,0.0014186321696135658,0.02391702492865747,16.859215123517497,0.006199381455577635,0.5268852248222504,1.3405950596686353,0.5294889376203871,0.8752440748507234,0.00500500500500498,0.14593657991557576,-0.5555555555555554,0.6623246492985972,0.8996460467067582,0.9127778677279459,0.5943853697836619,0.1322028785905536,-0.6346187826918829,0.9,0.9,0.9090909090909091,0.9090909090909091,0.1159331697260773,0.11593432800016365,0.11233626554495103,0.10541443963390536
4,66,0.7375156911920061,0.7794243910562982,0.806593534860996,0.8607285142421656,0.7286009918645092,0.7742812478504009,0.8065596062711197,0.8633242710990972,-66.57760450072664,-55.947708727621574,-49.056414847743554,-35.32539502693234,-69.01108176932814,-57.39554970551009,-49.187839413364,-34.75377440714121,0.11614869348667535,-0.03260888109107318,1,0.1,0.101,0.9900990099009901,0.25,0.242,1.0330578512396695,0.493,0.347,1.420749279538905,0.001245709869872491,986.6808903387928,0.006079968451602806,0.03444670565405335,5.665605985993641,0.007850291345418703,0.57609345705471,1.4914065743255396,0.5821814850267348,0.8552079652627385,0.00500500500500498,0.15282140360258709,-0.5955955955955954,0.624248496993988,0.8933674449814275,0.9201825735863085,0.5948561877427004,0.12319367377025653,-0.615901187746741,0.9,0.9,0.9090909090909091,0.9090909090909091,0.1162062938712263,0.11620458244388536,0.11247153010170924,0.10588840179807947
4,66,0.7629370454823042,0.780580009648251,0.8136578731823987,0.8640048102440183,0.7728690803411,0.7808373124024021,0.8136947106611141,0.8659420463615245,-60.14040244188686,-55.6645661925389,-47.27305673502491,-34.500563188901765,-57.7859891936003,-55.75873472521707,-47.399250848873095,-34.10663537973116,-0.019185664373284315,-0.2052011217200045,2,0.1,0.10300000000000001,0.970873786407767,0.25,0.24800000000000005,1.008064516129032,0.48999999999999994,0.32499999999999996,1.5076923076923077,0.008309173627036981,988.3284460703143,0.007901770459051417,0.040712714088337154,5.152353425010094,0.02040867958810344,0.5444075839081344,1.2401780926530186,0.5420405829061785,0.8636659113658943,0.065065065065065,0.16758078645307686,-0.5755755755755754,0.6623246492985972,0.8941771472539212,0.915565178474413,0.5823949829959928,0.130583142885244,-0.6267711328354746,0.9,0.9,0.9090909090909091,0.9090909090909091,0.1163634335834477,0.1163614085494695,0.11290253307572402,0.10703998917299741
4,66,0.7420450733696219,0.7736722852654988,0.8165216487675464,0.8561965245564928,0.7316295049519924,0.7778877574348396,0.8187313720384336,0.8576587263427359,-65.42223572751797,-57.40097814161015,-46.533571201862514,-36.471274233044824,-68.23185880424705,-56.47092900689273,-46.08664386336761,-36.189558335992785,0.01121473427146419,0.04223313789501759,2,0.1,0.1,1.0,0.25,0.23900000000000002,1.0460251046025104,0.5109999999999999,0.31100000000000005,1.6430868167202566,-0.000776538397205373,985.6005155627245,0.0012456098088997206,0.027752882348953577,22.2805586072483,-0.008593258919594726,0.5469911930422713,1.3237278255135965,0.5432795147479825,0.8722889091781852,0.00500500500500498,0.15282140360258709,-0.5955955955955954,0.6492985971943888,0.8960055682981074,0.9211047324628902,0.6212662717646271,0.12255057004244399,-0.6414962692742435,0.9,0.9,0.9090909090909091,0.9090909090909091,0.11709655674480371,0.11709427026388224,0.11343392617610328,0.10665985653734372
4,66,0.7338181257793058,0.781620691725411,0.8243355387957508,0.8684056999557157,0.7322955659294854,0.7784144071177133,0.8214676652965117,0.8693508574472301,-67.52585030291681,-55.399145877146196,-44.563109886985956,-33.383253579993834,-68.11665660331704,-56.38184436881383,-45.42706129545354,-33.243314813533146,0.048266413244400265,-0.3336047522225516,1,0.1,0.1,1.0,0.25,0.24899999999999997,1.0040160642570282,0.513,0.357,1.4369747899159664,-0.005297885949887782,989.1328591484064,1.185363565274204e-05,0.0298179039591478,2515.507042115824,0.027141145223352092,0.5310903714772609,1.324857676030343,0.535790410320675,0.8745274053928471,0.00500500500500498,0.15282140360258709,-0.5755755755755754,0.6382765531062125,0.8853062721409014,0.9163781683949311,0.5755709574639538,0.12696922306895653,-0.637683048081744,0.9,0.9,0.9090909090909091,0.9090909090909091,0.11951271456969181,0.119513272466931,0.1157865930348662,0.1094391782199421
4,66,0.7339603819179392,0.7781701966206689,0.8005305855037549,0.8684954996210155,0.7290297099248092,0.7782935919326756,0.8028954336435661,0.8681765260391235,-67.47748236846377,-56.26423896651178,-50.59281770419054,-33.35440288806714,-68.92666463102287,-56.395419701417296,-50.13745358844781,-33.531913693107896,0.0710211601085093,0.028601895681058753,1,0.1,0.1,1.0,0.25,0.251,0.9960159362549801,0.49399999999999994,0.322,1.5341614906832295,-0.004886244390090111,987.4038934699289,0.0006452904489195643,0.03074704575378752,47.648381911228554,-0.004172822315092084,0.5507440634906733,1.254995661923975,0.5395450734553566,0.8626931251308778,-0.035035035035035036,0.16003103137387018,-0.5755755755755754,0.6232464929859719,0.8831151715051183,0.9132808502470083,0.5816724770293892,0.12911240377827904,-0.6357075830218492,0.9,0.9,0.9090909090909091,0.9090909090909091,0.11702019186139495,0.11702079052997649,0.11334139655747356,0.10736363592396767
4,66,0.7483048712228119,0.7921531651722151,0.827747577345488,0.861284666871779,0.7501146212042247,0.7901134921833315,0.8259701295013837,0.8619300349991519,-63.846426197932374,-52.72361711876218,-43.69453490759457,-35.187324928058985,-63.56871267402053,-53.39334047413635,-44.271717247870356,-35.12382347597912,0.052036520008486985,-0.1628312165468353,1,0.1,0.1,1.0,0.25,0.246,1.016260162601626,0.537,0.323,1.6625386996904026,-0.006023576459250668,986.0424683900367,0.00011477743423238295,0.0271211577042418,236.29346557208473,0.009400181488410264,0.5677195855421062,1.3557012804090887,0.5711894757601766,0.8662877841560503,0.025025025025024985,0.16003103137387018,-0.5755755755755754,0.6402805611222445,0.8847221698507087,0.9159465592150356,0.589227283751459,0.12914193562629672,-0.6340821002453443,0.9,0.9,0.9090909090909091,0.9090909090909091,0.11435428296035192,0.11435262152044923,0.11086274504415056,0.10525291400157193
4,66,0.7297993574163879,0.7713235620486066,0.8153781282568681,0.8701406789589514,0.725519401601462,0.762868885162487,0.8111057462107688,0.8701062100492838,-68.53997572948592,-58.00681063237562,-46.83178577005353,-32.94053865784855,-69.84762272030315,-60.34322549955397,-48.068295718105276,-33.05433056880227,0.012278193113211872,-0.025226197807273643,1,0.1,0.1,1.0,0.25,0.24399999999999994,1.0245901639344266,0.5239999999999999,0.33399999999999996,1.5688622754491017,-0.0024136777444236923,986.4314531068444,0.004093154385990143,0.03070284741623614,7.501023543437405,0.017313397478424086,0.5257952722721804,1.270278950070466,0.5240562579422453,0.8712577384991439,0.04504504504504502,0.16758078645307686,-0.5555555555555554,0.6432865731462926,0.8860356608745737,0.9154142020195364,0.5831703830982888,0.13119804920517822,-0.6345230978103716,0.9,0.9,0.9090909090909091,0.9090909090909091,0.11286351186077714,0.11286274693649194,0.10909859646734861,0.10297609759906616
4,66,0.7475927702565913,0.751612218150812,0.8088718169349117,0.8562341153945562,0.7398261974162963,0.7485707384873241,0.8111951778480804,0.8594239598882488,-64.0125477389985,-62.993182721305544,-48.47167791175957,-36.460209800252926,-66.10478008814823,-63.88297313167689,-47.97139882644103,-35.71746319178439,0.09524475940949727,-0.1606359799715955,1,0.1,0.101,0.9900990099009901,0.25,0.24,1.0416666666666667,0.5229999999999999,0.316,1.6550632911392402,-0.0014350803306031334,986.5957360052248,0.004064628301716546,0.028900130345326416,7.110153303100683,0.0175166097844065,0.5496308681073867,1.292890296128423,0.5442977182835528,0.8757786675412951,-0.015015015015014992,0.15282140360258709,-0.5555555555555554,0.6432865731462926,0.8908742652684004,0.9202659593030686,0.5951729255530314,0.12240254566032203,-0.6346177516675551,0.9,0.9,0.9090909090909091,0.9090909090909091,0.1151028622549066,0.11509628880679738,0.11142262921305851,0.10558852161272951
4,66,0.7511162721540998,0.7678500378991415,0.8077032165164753,0.8632534732719789,0.7488034276578369,0.7657064591743324,0.8090529060811323,0.862083340852097,-63.11708836958593,-58.87339361128619,-48.76659949352609,-34.67901532345451,-63.85463764320866,-59.55785547578577,-48.53910774946695,-35.058672229235185,0.0836133947600254,0.1378558398458387,1,0.1,0.1,1.0,0.25,0.25,1.0,0.497,0.354,1.4039548022598871,-0.005424700586353248,987.9532673879849,0.0018317343281670784,0.031133665740350855,16.996823863373628,-0.0016714987933226233,0.5322347327824704,1.3276171537710604,0.5282732800836543,0.8725581217711166,0.00500500500500498,0.14593657991557576,-0.5555555555555554,0.6442885771543087,0.8643221363000898,0.9163819097984166,0.5595850962687784,0.12836862347779943,-0.6456635678142935,0.9,0.9,0.9090909090909091,0.9090909090909091,0.11650323154407181,0.11650218864714038,0.11275254202533357,0.10626355103429126
4,66,0.8159841463477439,0.7893029826565244,0.8161787706186748,0.8589150613826453,0.821280048868832,0.792814038746698,0.8150124361672442,0.8602247936110455,-46.67671200955064,-53.44454732904546,-46.6273444096183,-35.7870309433888,-45.46330895944101,-52.704576679323765,-47.057682787807096,-35.55642978140031,0.022990514371267423,-0.3680077741972556,1,0.1,0.1,1.0,0.25,0.23700000000000002,1.0548523206751055,0.496,0.329,1.5075987841945289,-0.0003564647869158666,987.4158869469787,0.004930716780679018,0.03325884342506026,6.7452350042462035,0.0027519114720141458,0.5251110159855927,1.3613203168295251,0.5240288377463473,0.8679841272053106,0.025025025025024985,0.16758078645307686,-0.5755755755755754,0.6332665330661322,0.8684390804371896,0.9143429388215301,0.5250096602187574,0.13483762262296475,-0.6425092578564445,0.9,0.9,0.9090909090909091,0.9090909090909091,0.11375186794151886,0.11375303138137227,0.11018215865482676,0.10640443521035178
4,66,0.7221089309868352,0.7620737891070479,0.7936336822065948,0.8577170560128536,0.7260692430449984,0.7581717390234011,0.7923586076869119,0.8581043609510275,-70.4678967261502,-60.333567815576316,-52.330578386931336,-36.080252015237846,-69.62175112493611,-61.462638178503596,-52.77376479937146,-36.063941769065934,0.1268104023511118,0.05473126735874034,2,0.1,0.1,1.0,0.25,0.238,1.050420168067227,0.504,0.33899999999999997,1.4867256637168142,0.0015473690850078547,988.3478555989598,0.00350551385467709,0.0331581343351555,9.45885131531162,0.013700437289300926,0.557636532921596,1.321668366462627,0.5569665820409899,0.8754004439175292,-0.035035035035035036,0.13936192742241435,-0.5755755755755754,0.6462925851703407,0.8953556843823351,0.919048457660391,0.5813768760159281,0.12694692857591736,-0.6236240127716236,0.9,0.9,0.9090909090909091,0.9090909090909091,0.12054544872947469,0.12054625503430356,0.11673514712487466,0.11030912875739295
4,66,0.778658799131268,0.7850588019199138,0.815378652786573,0.8680962905910009,0.784560916229547,0.7864556765029153,0.8159633272586547,0.8692849535249078,-56.15603857146246,-54.532306514140686,-46.83991708069371,-33.46502939452117,-54.8090150252234,-54.32697647179691,-46.820050405616826,-33.254703932502906,0.005632433750713434,-0.07365266450489738,1,0.1,0.099,1.0101010101010102,0.25,0.253,0.9881422924901185,0.483,0.33399999999999996,1.4461077844311379,0.0073303761196553685,987.8885862661351,0.0007797048841437182,0.05661769282598794,72.61425954534863,0.023673720081508365,0.5200833014283212,1.3438705402905708,0.5349273429794221,0.861120982339341,0.00500500500500498,0.14593657991557576,-0.6156156156156154,0.6613226452905812,0.8766006877420485,0.9161175233887123,0.5916988364861647,0.1267524728022009,-0.6287454503035028,0.9,0.9,0.9090909090909091,0.9090909090909091,0.11356176368630379,0.11356271417766473,0.11017017627325683,0.1048972982969056
4,66,0.7412778351805928,0.7955932742989412,0.8233985569691157,0.8757262178134267,0.7433164376072551,0.7940115782060957,0.8189466959733744,0.8775438507934005,-65.64295774322156,-51.86205081033856,-44.80729770624856,-31.530729647217385,-65.34409248705228,-52.43859933799666,-46.09085105847279,-31.173737284824597,0.06309837933413982,-0.014033199016109776,1,0.1,0.10400000000000001,0.9615384615384615,0.25,0.242,1.0330578512396695,0.458,0.33499999999999996,1.3671641791044777,0.002727647680509704,987.9494015939588,0.002592025829896975,0.032461871414589,12.52374534241399,0.004266080663360872,0.571208958477403,1.452601195868404,0.5566364752328233,0.8695713800024093,0.00500500500500498,0.15282140360258709,-0.5755755755755754,0.6402805611222445,0.8900460912723841,0.9172009999038505,0.603522499081714,0.12564949165823963,-0.6448010479576736,0.9,0.9,0.9090909090909091,0.9090909090909091,0.12134993480097922,0.12135147454460189,0.11755218788466999,0.1114975003821329
4,66,0.7495810053749841,0.8000082275150778,0.8086872220179158,0.8637979295105441,0.7533791448443266,0.7968254028962037,0.8065518248862863,0.8633494049744248,-63.52491010720314,-50.73281037769877,-48.53117089568076,-34.5509904199308,-62.74057536791253,-51.68780683364986,-49.21339601570142,-34.76403871384014,0.02256865947302931,-0.19494331765232653,2,0.1,0.101,0.9900990099009901,0.25,0.23400000000000004,1.0683760683760681,0.521,0.32,1.628125,-0.005726014846736183,987.0441862081367,0.0007388976129247409,0.02121925456262071,28.717449063923233,0.010865764904748776,0.5486332861934838,1.2899380442470532,0.5576163946920198,0.8690688308016818,0.00500500500500498,0.13308347246540758,-0.5755755755755754,0.6623246492985972,0.8695262386463198,0.9222315251573707,0.566321343317832,0.12219364380790215,-0.6319312936804691,0.9,0.9,0.9090909090909091,0.9090909090909091,0.12119459823077197,0.1211933321938802,0.11735147877465399,0.11059351643305049
4,66,0.7182181451628461,0.773799083764365,0.8073024213343335,0.8619133172965427,0.7222142756023092,0.774052104144702,0.8048490370495623,0.8631429054548021,-71.47396260310805,-57.37585848868085,-48.877737493845615,-35.025684678092375,-70.65731844063293,-57.47189659603495,-49.63841739197687,-34.810843253758804,0.10317894137272918,0.02737422895415209,1,0.1,0.1,1.0,0.25,0.24699999999999997,1.0121457489878545,0.48900000000000005,0.32999999999999996,1.4818181818181821,0.002865155808467912,987.9410700189595,0.001412150739150052,0.03802961388539701,26.930279347009616,0.00287059261214595,0.5356501698197556,1.3624397958054661,0.5215761089326652,0.8672721697063666,0.065065065065065,0.16003103137387018,-0.5755755755755754,0.62625250501002,0.9017568864442933,0.9163388149905249,0.614158720414268,0.12689627943565346,-0.6239041579284738,0.9,0.9,0.9090909090909091,0.9090909090909091,0.11618690125445395,0.11618643884819965,0.11279183474328847,0.10949764611798264
4,66,0.7711848551595658,0.7792420561438181,0.8163066597011468,0.8605067111219004,0.7752508631830004,0.7804390560624149,0.8181455195687483,0.8626073487926487,-58.020640043230145,-55.977576161294934,-46.579107266919664,-35.37130336406091,-57.09178992439445,-55.77386175722222,-46.19549574530612,-34.901101249935465,0.15557692971669118,-0.025248373173491157,2,0.1,0.1,1.0,0.25,0.238,1.050420168067227,0.499,0.31899999999999995,1.5642633228840128,-0.0038318050524543956,986.7665341988464,9.661501859058394e-05,0.026555803872901455,274.862068654506,-0.0008693629223033295,0.5442983962039385,1.2191595976809866,0.5583110352659797,0.8646650631926629,0.00500500500500498,0.18376562003881725,-0.5555555555555554,0.6212424849699398,0.9019266023346377,0.917257241454708,0.6023062541963097,0.12756904133391236,-0.6519784058112179,0.9,0.9,0.9090909090909091,0.9090909090909091,0.11448058973305136,0.11448253230465437,0.11067668849269052,0.10509024645054829
4,66,0.741512695991579,0.7900004931158138,0.822548369522972,0.8608258341830676,0.7546334900940201,0.7874030739368243,0.8244943862381179,0.8628103404720618,-65.56484689160908,-53.26600302089312,-45.010291811135545,-35.301280687879796,-62.386200061120405,-54.05429765797581,-44.62356470813404,-34.88145773808537,0.03148589998958594,-0.19260187236633985,1,0.1,0.1,1.0,0.25,0.24299999999999997,1.0288065843621401,0.5330000000000001,0.34700000000000003,1.5360230547550435,-0.0019924978989120934,987.8669541874821,0.0022047828885097694,0.031387920733916504,14.23628643776887,-0.012880378581968666,0.5641782797690497,1.3239469476219765,0.5539633770427385,0.8545168186057623,0.00500500500500498,0.13308347246540758,-0.5955955955955954,0.6472945891783567,0.8742673107920359,0.9159604852752631,0.5772719124417166,0.1279347638244672,-0.640097129954605,0.9,0.9,0.9090909090909091,0.9090909090909091,0.11321705059099234,0.1132208954745439,0.10950363315040328,0.10317717948808655
4,66,0.7060501489767699,0.7645795369529893,0.7966675612571394,0.8559360241991713,0.6993001653682097,0.761427128869344,0.7973093152075538,0.8571774753427818,-74.56305214387109,-59.716540766408855,-51.577121674833705,-36.54313721302643,-76.48861164941172,-60.685459678894944,-51.55815630237029,-36.32957309960412,0.011122948120775536,-0.23676918340918496,1,0.1,0.101,0.9900990099009901,0.25,0.24100000000000002,1.0373443983402488,0.538,0.32299999999999995,1.665634674922601,-0.006006228307636752,987.9239411300593,0.002636647879627123,0.021314984889908878,8.084122667499788,-0.011333101846773497,0.571261494491438,1.3168743341451583,0.5595010300689334,0.8515553596168879,0.065065065065065,0.12708787092020596,-0.5755755755755754,0.6312625250501002,0.9044355738103332,0.9246853606189015,0.6094159071970778,0.12351261770584429,-0.6467159016822264,0.9,0.9,0.9090909090909091,0.9090909090909091,0.11419841247312541,0.11419425592477758,0.11031961196280049,0.10381392750157459
4,66,0.8207941555462043,0.8349644976643251,0.8256490788242772,0.8654229647974946,0.8253055505352912,0.8396196150193261,0.8267790838841719,0.8666581326594531,-45.45485183100928,-41.86060074317737,-44.2234197930178,-34.13493133346768,-44.42946799371407,-40.78901878767411,-44.05470907628785,-33.91240102580193,0.28623095901922097,0.046385824251132135,1,0.1,0.1,1.0,0.25,0.24300000000000002,1.02880658436214,0.5010000000000001,0.33799999999999997,1.4822485207100597,-0.0011599479055621753,988.5141185709771,0.0011133179057323213,0.024697295528587168,22.183506976241176,0.014327528716874594,0.5725819814703152,1.233548084014889,0.5862197508958507,0.8626408919201933,-0.035035035035035036,0.16003103137387018,-0.5955955955955954,0.6452905811623246,0.8600842373311088,0.912960195909205,0.561560592703283,0.13327161057668258,-0.6348287366649125,0.9,0.9,0.9090909090909091,0.9090909090909091,0.11404226132652326,0.11404171433568315,0.11055026699306746,0.10606238114013747
4,66,0.7634906294832299,0.7990853372323692,0.8168512732240282,0.8608767663715394,0.7606021431203905,0.7964042588841715,0.8194481522467056,0.8614717837576941,-59.976171297956114,-50.94974547559451,-46.44449979346322,-35.28011965612359,-60.86231935477693,-51.76031722495949,-45.90184875206387,-35.2181454190158,0.10867438210344187,-0.027953660803050617,1,0.1,0.1,1.0,0.25,0.24100000000000002,1.0373443983402488,0.505,0.327,1.54434250764526,-0.007280062319904079,987.6480920129285,0.0030055740210158284,0.014761357477903364,4.911327212268856,0.007335666690184595,0.5485453637809043,1.5342952730417034,0.5477578246095107,0.8706392407679024,-0.015015015015014992,0.16003103137387018,-0.5755755755755754,0.6382765531062125,0.8825352370943063,0.9198368205952574,0.6058940378545988,0.12345710283031401,-0.6157250170844242,0.9,0.9,0.9090909090909091,0.9090909090909091,0.11694116019647105,0.11694235056956355,0.11329271287962543,0.10631630720745462
4,66,0.7412908705120892,0.7721240396795551,0.8154392689140174,0.8611484765555054,0.7480748003128491,0.7793687914703329,0.8181569878194022,0.8615612618069968,-65.6053510238994,-57.78645073841335,-46.80225847495339,-35.21098367811925,-64.01396902081069,-56.06219372012464,-46.20614755028572,-35.17716016092146,0.05530546230400686,-0.2978227359358949,1,0.1,0.101,0.9900990099009901,0.25,0.242,1.0330578512396695,0.5529999999999999,0.32599999999999996,1.696319018404908,-0.00032194919909467323,986.547604410532,0.0012384090879650307,0.03679958940552001,29.715212657224242,0.008668908159736644,0.5570429438183395,1.271843764977791,0.5376629101824966,0.8637575401191685,0.025025025025024985,0.16758078645307686,-0.5755755755755754,0.6422845691382766,0.9085232956286595,0.924152687287966,0.6104043383099729,0.1187444990124707,-0.6290920807600948,0.9,0.9,0.9090909090909091,0.9090909090909091,0.1146767220686038,0.11467724210446781,0.11096305141245268,0.10441831756054212
4,66,0.802417770829442,0.8092957005507005,0.8218161501209148,0.863505020704474,0.7898582408181787,0.8030197507328753,0.8210013134371223,0.8628541877051416,-50.11260626308709,-48.36816302305721,-45.19261245769047,-34.61910103474111,-53.457873553598745,-50.10972259334375,-45.53540043537592,-34.8884653893121,0.19904849887869047,0.02590722381797761,2,0.1,0.10200000000000001,0.9803921568627451,0.25,0.242,1.0330578512396695,0.51,0.33399999999999996,1.5269461077844313,-0.002019519461265773,987.07958018595,0.0001316398238710011,0.02787987042841776,211.7890286433254,0.04326026213306011,0.5176945740203875,1.3114189496013584,0.5274094486526744,0.8668975305232356,0.00500500500500498,0.16758078645307686,-0.5955955955955954,0.6492985971943888,0.8293322463355898,0.912308101949201,0.5382841259699945,0.12898610413443004,-0.6103895268264959,0.9,0.9,0.9090909090909091,0.9090909090909091,0.11422674700487453,0.11422719109718797,0.1107599030080944,0.10399407412607752
4,66,0.7941304913947004,0.7850921211374027,0.8117677933841617,0.8592946276112766,0.7904837618667543,0.7810272371124168,0.8096953607639313,0.8600688533725908,-52.219342101266335,-54.511948479458226,-47.74559408209359,-35.69028762943128,-53.27339315212535,-55.677890128489736,-48.38848747488922,-35.58009181020509,0.1368332050015597,-0.11931433893927679,1,0.1,0.1,1.0,0.25,0.24099999999999996,1.037344398340249,0.5079999999999999,0.33999999999999997,1.4941176470588233,0.0013102467410230911,987.2597400721723,0.0002767878186924776,0.039116264467205536,141.3222035998097,0.03487094763791232,0.5359436334969053,1.2671169183548028,0.5465453584438995,0.8660380169065633,-0.015015015015014992,0.16003103137387018,-0.5555555555555554,0.6332665330661322,0.8828555975967942,0.9166412111237284,0.5549119845079554,0.13028864855100386,-0.6306997307865091,0.9,0.9,0.9090909090909091,0.9090909090909091,0.11873897821226127,0.11874148632042683,0.11495899988500441,0.108955768878658
4,66,0.7860000691676321,0.7836394959589412,0.7946436933417433,0.8542067603324315,0.7957708552075579,0.7839482825604948,0.7952791164590068,0.8544574507540903,-54.281667572633495,-54.88043342127949,-52.08918866753791,-36.98085386845949,-51.97454496135572,-54.98328709866507,-52.099688205341664,-37.03931570226993,0.12489171654304446,-0.30434960886038276,1,0.1,0.1,1.0,0.25,0.238,1.050420168067227,0.509,0.337,1.5103857566765577,0.005350604554954397,988.232652886588,0.007252720739040748,0.03289999123780447,4.53622749607699,-0.006473122583229518,0.551124996517802,1.3872910166313661,0.5338954028049414,0.8786638166093746,0.025025025025024985,0.14593657991557576,-0.5555555555555554,0.6382765531062125,0.8622597459391416,0.9207908243171757,0.5695132543852738,0.12233681304852852,-0.6284552039157697,0.9,0.9,0.9090909090909091,0.9090909090909091,0.11276086469827105,0.11276202043349923,0.1094282206525489,0.1070337284989925
4,66,0.7451331173387832,0.7747854238945958,0.7964679584421268,0.8583214595001107,0.7579884951780411,0.7707627856685003,0.7939690870763904,0.8574317307211711,-64.63596381603267,-57.11593848519723,-51.61710119484201,-35.93063532476228,-61.549610407428304,-58.30078716037852,-52.39884125204753,-36.25869537495248,0.0034983954755080323,0.1746763049620208,1,0.1,0.10200000000000001,0.9803921568627451,0.25,0.23600000000000004,1.059322033898305,0.491,0.312,1.5737179487179487,0.0032479408929789733,988.3602446869966,0.0004503940290451506,0.03352106097184382,74.42607763453151,0.0049559239544465505,0.556545438777313,1.2605431937891807,0.5430781815707049,0.8648412809334177,-0.015015015015014992,0.14593657991557576,-0.5755755755755754,0.6643286573146293,0.8977788444671214,0.9198612131541728,0.6160580886837754,0.1236443538706316,-0.644097643694781,0.9,0.9,0.9090909090909091,0.9090909090909091,0.11752450403635915,0.11752463890525622,0.11369129166253181,0.10734846879022575
4,66,0.7069622858284499,0.7712074320062198,0.8070252064148907,0.8685500385395667,0.7062612717621656,0.7744404763853072,0.8107585727975103,0.8697163719756235,-74.3477717804559,-58.04787850722823,-48.96040754824864,-33.35069604552234,-74.76369559911362,-57.41041933481716,-48.166574911610184,-33.16037202719812,0.18963436114516255,-0.1584828425163396,1,0.1,0.10300000000000001,0.970873786407767,0.25,0.24900000000000003,1.004016064257028,0.485,0.339,1.430678466076696,0.003432526020138882,987.5192096682108,0.0013168097265274612,0.051424447213978375,39.052299036087014,0.005895178834325998,0.5640494643836751,1.4045277283654873,0.5640134445267878,0.8804791427711198,0.00500500500500498,0.16758078645307686,-0.5555555555555554,0.6593186372745491,0.9050378031077682,0.9202722506067889,0.604066407325467,0.12212289031589184,-0.6208242502521494,0.9,0.9,0.9090909090909091,0.9090909090909091,0.11836349426943286,0.11836039519176486,0.1147794900329927,0.10958824691383393
4,66,0.7652118467259574,0.7993658144230708,0.816791399021556,0.8597591731681701,0.7739405068585755,0.8000845348074895,0.8193122216905773,0.8620743658501454,-59.54655913454971,-50.88448982314844,-46.46504365740992,-35.56763223173641,-57.45704629783117,-50.81207596989725,-45.92501690376628,-35.05625637251211,0.09926629477774118,-0.32825133503448356,1,0.1,0.099,1.0101010101010102,0.25,0.23500000000000004,1.0638297872340423,0.53,0.33199999999999996,1.596385542168675,-0.0032623837553367174,987.387100190869,0.0049485604750793884,0.026311041075202605,5.316908059970815,-0.01691600763226453,0.5646254127574415,1.350488474101643,0.5661990652834674,0.8644934721218991,0.025025025025024985,0.1754867149648152,-0.5355355355355353,0.6342685370741483,0.891346066219942,0.9202749139843636,0.6090068719470685,0.12335356253773343,-0.6507563517167294,0.9,0.9,0.9090909090909091,0.9090909090909091,0.11267023573511656,0.11267276941512053,0.10875876700954765,0.10292628241683494
4,66,0.771158264498537,0.777500013616368,0.8172116229099287,0.8560714515777929,0.7621885636103282,0.7785791154177892,0.8172933800811625,0.8572836583342655,-58.03591024994131,-56.42759705556887,-46.356447281287046,-36.50131520079361,-60.47515445726182,-56.30705738319273,-46.462067710868894,-36.292589359194835,0.030483666743317327,-0.11347359118075628,1,0.1,0.098,1.0204081632653061,0.25,0.24000000000000005,1.0416666666666665,0.524,0.33199999999999996,1.5783132530120485,-0.001825216306258648,986.0052421877192,0.008760408126932058,0.02812580273425379,3.2105584953042134,0.007503312704958964,0.5277861856036701,1.2751250206980747,0.5195957105182943,0.8682940657443208,0.00500500500500498,0.14593657991557576,-0.5555555555555554,0.6032064128256514,0.8802085779356312,0.91864474738538,0.6013766770798895,0.12437111841621905,-0.6332249045096865,0.9,0.9,0.9090909090909091,0.9090909090909091,0.11761054830321668,0.11761390740156752,0.11368589221991582,0.10766537961575423
4,66,0.7304187486653453,0.7776989362111586,0.8082417661813238,0.8633549438677306,0.7353153982304472,0.7810678440570963,0.8089236142281806,0.8646985161353987,-68.37990873141322,-56.38717966297591,-48.6399201060926,-34.6603349478639,-67.32749604878524,-55.68950277293189,-48.60386483407507,-34.416471753124114,0.05633185864875621,0.027601387421962276,1,0.1,0.098,1.0204081632653061,0.25,0.242,1.0330578512396695,0.5110000000000001,0.335,1.5253731343283585,-0.006067447899823941,986.4292733002326,0.00023410270519083872,0.022148588863698356,94.61056353724318,0.023738268849494704,0.5597467104095911,1.3136074868938548,0.5552971726041889,0.8548775962723181,0.065065065065065,0.13936192742241435,-0.5755755755755754,0.6162324649298597,0.9283605728922549,0.9185943619162599,0.5970162944566271,0.12737023751318785,-0.6474710797663811,0.9,0.9,0.9090909090909091,0.9090909090909091,0.1135358235408386,0.11353764721815626,0.1098493782301351,0.10405267870868422
4,66,0.7416078158818376,0.7815256250505457,0.8124350200352246,0.8596988012318098,0.7513625127227989,0.7852423410684215,0.8155121115089822,0.860886494458797,-65.5426530372545,-55.41727279295293,-47.57692824853038,-35.58820025055084,-63.24117624695498,-54.623810381954286,-46.92466610427681,-35.38364957997899,0.006914519646008801,-0.17948475836800126,1,0.1,0.1,1.0,0.25,0.242,1.0330578512396695,0.48100000000000004,0.315,1.526984126984127,-0.004527185417509072,986.483020812766,0.00017485595819710984,0.024476933006876603,139.98340839655287,0.01172559468436396,0.5557068797567748,1.389159725953222,0.5716411028736204,0.877235679331682,-0.015015015015014992,0.15282140360258709,-0.5955955955955954,0.6202404809619239,0.888305378041283,0.9173023731799452,0.6162293819605489,0.12569391848283754,-0.6501260354797739,0.9,0.9,0.9090909090909091,0.9090909090909091,0.1156536900344669,0.11565344779143756,0.11223755827141119,0.10567138997171098
4,66,0.7057344823696023,0.7454661390195276,0.791042425422252,0.8573910563855864,0.7178845782994344,0.7444501298818009,0.7865119744495427,0.8580896610254667,-74.61796293125374,-64.54306422421212,-52.986121784173434,-36.16186141677352,-71.72985994203776,-64.97537880520488,-54.280854551404275,-36.08171675837872,0.16478409610281403,-0.09607071468485184,1,0.1,0.099,1.0101010101010102,0.25,0.24,1.0416666666666667,0.505,0.32299999999999995,1.5634674922600622,0.002607189291294554,986.6705521109612,0.00020654633925249363,0.041370377271777545,200.29586300827202,0.010626182014333074,0.5651844160332657,1.1854720193128834,0.5587036467215345,0.8651708711072505,0.025025025025024985,0.16758078645307686,-0.5355355355355353,0.6212424849699398,0.9110078719190559,0.9230303678349251,0.624582426502278,0.11961290953463119,-0.6192825773231866,0.9,0.9,0.9090909090909091,0.9090909090909091,0.11421626259754722,0.11421470546346058,0.1103679305473767,0.10427644424952942
4,66,0.7529632781968678,0.7880966081794694,0.8195705712932464,0.8608758452199061,0.7489030770448347,0.7907450281517747,0.8208342632582994,0.8625114977859083,-62.6481101083327,-53.73835487373867,-45.75660911422014,-35.28165895246079,-63.83986286846394,-53.20180171909266,-45.55179701011221,-34.95561404751001,0.11906308894648965,-0.16103310290281714,2,0.1,0.1,1.0,0.25,0.22700000000000004,1.1013215859030836,0.481,0.3,1.6033333333333333,0.0030679865291188824,986.5224119236336,0.00326133517482191,0.03888423620329163,11.922796682623998,0.0020964748938325783,0.5508324624079719,1.3899713109219956,0.5408172277910532,0.8658808558473026,0.04504504504504502,0.15282140360258709,-0.5555555555555554,0.656312625250501,0.8566977426731689,0.9157648719445806,0.5616000940450548,0.12944007371165786,-0.653303525422945,0.9,0.9,0.9090909090909091,0.9090909090909091,0.11914776489876192,0.11914558123552235,0.11536938098078516,0.1083164582851648
4,66,0.7215423266175709,0.7785616842975256,0.8173525398058802,0.8728581895591545,0.7252783664635429,0.7754433114333773,0.8140393726839246,0.8717270163416412,-70.63764344038196,-56.1732797614373,-46.3330243758968,-32.252649974384894,-69.90588577707916,-57.140873906947974,-47.319689406500345,-32.64044563391255,0.06616698666815553,0.16449780759962307,2,0.1,0.101,0.9900990099009901,0.25,0.24699999999999997,1.0121457489878545,0.487,0.344,1.4156976744186047,0.004022516225669515,988.0409114458887,0.0001879738796429551,0.03885200417415539,206.68831354628844,0.0034486584873708592,0.5139048653512859,1.2403352303449753,0.5103996727977665,0.8636830933751601,0.04504504504504502,0.13936192742241435,-0.5755755755755754,0.6382765531062125,0.885685897156631,0.9164357760618095,0.5736330910959003,0.12934411586664912,-0.6359265207323016,0.9,0.9,0.9090909090909091,0.9090909090909091,0.11381820105504571,0.11381923839602363,0.11036496823659683,0.1054952194226845
4,66,0.726104603089283,0.7662338989506792,0.8091846114864709,0.8719479314604788,0.7166768160472117,0.759819998062545,0.8061694587375903,0.8717648909578504,-69.48544759215841,-59.30491109560603,-48.40859988112996,-32.48596142150876,-72.10924032230815,-61.12876905691692,-49.33226037733371,-32.637414865486704,0.10354699408128283,-0.07391287746210251,1,0.1,0.1,1.0,0.25,0.24699999999999997,1.0121457489878545,0.5120000000000001,0.31799999999999995,1.6100628930817615,-0.0015306222102133837,987.1170165413354,0.0043489898624103854,0.027941212348485917,6.4247591354466325,-0.0034802122601984564,0.5505387925548613,1.3680033365562405,0.575242634347952,0.8662195134869998,0.00500500500500498,0.12708787092020596,-0.5555555555555554,0.6162324649298597,0.8552967047126611,0.9169933429129978,0.5683608978975985,0.12429277393257898,-0.6349563011549538,0.9,0.9,0.9090909090909091,0.9090909090909091,0.11590896039374257,0.11590720623970688,0.11219301822699405,0.10643187735375353
4,66,0.7295921705298589,0.7772234781789099,0.8067382515748044,0.8624887965423331,0.7262446783066325,0.780251911517207,0.8077667117690539,0.8630623525392701,-68.57012021873092,-56.49175511343566,-49.00738765280869,-34.87014326098043,-69.56473267686181,-55.84080315589071,-48.848940085112076,-34.79760970518811,0.09071914936588665,-0.30122385500028415,2,0.1,0.099,1.0101010101010102,0.25,0.231,1.0822510822510822,0.5,0.318,1.572327044025157,-0.0006705533630817495,987.5992966257758,0.0011396606861945207,0.03692979057463462,32.40419804068887,-0.007780839721218236,0.5459477828928068,1.2851519027699545,0.5340971448811818,0.867686667055855,0.00500500500500498,0.19243509752303323,-0.5755755755755754,0.6503006012024048,0.9003043517921612,0.9202589499201352,0.6272815749742934,0.1229904087244311,-0.6358482600271133,0.9,0.9,0.9090909090909091,0.9090909090909091,0.11673269596561418,0.11673705055171897,0.1129557764564525,0.10797343318844342
4,66,0.7350773536586085,0.7787261585889201,0.8227644309219493,0.8716570285742264,0.7340636933537363,0.7747137409512203,0.8241833399427073,0.8728332776616133,-67.2035329888121,-56.131040913988244,-44.9597517532676,-32.55705479772175,-67.66638931291999,-57.3231534418629,-44.73581932894467,-32.35704462438494,-0.0035231585199286624,0.139564178938961,1,0.1,0.101,0.9900990099009901,0.25,0.24699999999999997,1.0121457489878545,0.526,0.32099999999999995,1.638629283489097,-0.005673194919768143,986.860987187211,0.0019722356705875388,0.021756505533790948,11.03139237275309,0.0006539818115323115,0.5296535896305716,1.3279740124583634,0.5155446450134842,0.8612409647110191,0.025025025025024985,0.18376562003881725,-0.5555555555555554,0.6492985971943888,0.8784775735951925,0.9195310001469693,0.6174772582755057,0.12093278292439147,-0.6563359585732128,0.9,0.9,0.9090909090909091,0.9090909090909091,0.11972530558226262,0.11972576909967525,0.11592609226886955,0.10955900448433886
4,66,0.7621596689911583,0.7749273882787517,0.810073668092339,0.8595431692127785,0.7670987158083985,0.7727528406343613,0.8107696063096288,0.860345386296519,-60.316722333994846,-57.07880647741317,-48.16564868118462,-35.62009700613305,-59.18563995546674,-57.74879516788113,-48.087849701918486,-35.489489521123375,0.10633184088058528,-0.03225209978679899,1,0.1,0.101,0.9900990099009901,0.25,0.238,1.050420168067227,0.489,0.32699999999999996,1.4954128440366974,0.013416464326225563,987.3434907526603,0.0005938307046797246,0.04318279935884103,72.71904099693052,0.029903589964029864,0.5668961918232062,1.3818541297093228,0.576065206100016,0.8696663569986436,0.025025025025024985,0.16003103137387018,-0.5555555555555554,0.6723446893787575,0.9027243505837536,0.9187914994499701,0.5854512591150502,0.1278285324559645,-0.6354005227322042,0.9,0.9,0.9090909090909091,0.9090909090909091,0.11671703291235172,0.11672076458056688,0.11297011045806649,0.10793890747948863
4,66,0.7358053240311616,0.7761322044057384,0.8091290696996202,0.8603063492525782,0.7298940363819852,0.7762836229793738,0.809806208104368,0.8617193569171107,-67.00456713192,-56.77693800438243,-48.408333801368144,-35.42884641820953,-68.67487949134153,-56.88025183278978,-48.35708017504385,-35.15807786137037,0.008884442658257634,-0.26375396808519813,1,0.1,0.098,1.0204081632653061,0.25,0.238,1.050420168067227,0.51,0.30999999999999994,1.645161290322581,0.00010521226092830016,986.5800441052867,0.0007974958542367449,0.03567749831836611,44.73690756989801,-0.004594593003019787,0.5467335054494107,1.3312398814693875,0.5479143648590985,0.8591297705222452,0.00500500500500498,0.16758078645307686,-0.5555555555555554,0.6492985971943888,0.886594521262625,0.9135046421680822,0.6060794738104075,0.13017442839575338,-0.6088117459434111,0.9,0.9,0.9090909090909091,0.9090909090909091,0.1167144782499441,0.11671349905545869,0.11282072383088562,0.10616411120279423
4,66,0.7052602111930045,0.7564707918215053,0.784777807224675,0.8545971611857729,0.6994493430378463,0.7614351826129755,0.7847381427310951,0.8556016505276373,-74.7157158372585,-61.73397623030772,-54.55822663903322,-36.859214803497366,-76.34026183023963,-60.595777120866785,-54.67679462780609,-36.6773705238073,0.17214435620423243,0.006025337871748526,2,0.1,0.1,1.0,0.25,0.24100000000000002,1.0373443983402488,0.48,0.33499999999999996,1.4328358208955225,0.00013954602611088163,987.0339521678629,0.005077323228994217,0.035824561895826786,7.055796978070941,0.0010683644167159834,0.5624432391884892,1.3642673550511268,0.5689616134522424,0.8725322965047434,0.00500500500500498,0.16003103137387018,-0.5555555555555554,0.6382765531062125,0.9286259015498951,0.9187883744433112,0.5929503644361661,0.1267501909723683,-0.6062812219613728,0.9,0.9,0.9090909090909091,0.9090909090909091,0.11278495267196877,0.11278430455026203,0.10890429866954945,0.10503227056494767
4,66,0.7262439702317063,0.7836080316654882,0.8220744259020915,0.8689995733341932,0.7311711881225125,0.7858505330670964,0.823495612744927,0.8713771692351423,-69.43278736441673,-54.88353092150925,-45.12729295310183,-33.225660004762005,-68.34775441857667,-54.44593186488325,-44.874946363296885,-32.701411684045866,0.18589692721709677,-0.0393147758574508,1,0.1,0.1,1.0,0.25,0.24699999999999997,1.0121457489878545,0.4619999999999999,0.308,1.4999999999999998,0.006106849940553216,986.4636987731603,0.0017450577115447597,0.04233430162593414,24.2595424471429,0.00571951821902783,0.5549237245216279,1.3025199762808577,0.5597952020957702,0.8785246536570341,0.00500500500500498,0.15282140360258709,-0.5755755755755754,0.6422845691382766,0.8911501960145715,0.9189372161694901,0.5864528727419692,0.1266912708264786,-0.6358754953764665,0.9,0.9,0.9090909090909091,0.9090909090909091,0.11059340001897298,0.11059373320342925,0.10696954269597585,0.10345556808246537
4,66,0.7244136608374881,0.7881550299769571,0.8105209019975823,0.862803702864263,0.730542273524203,0.7855652906504537,0.8097020627619272,0.8625404492668048,-69.91951861150969,-53.74757823371732,-48.07309157461415,-34.808325696273386,-68.60488802217367,-54.59583369680945,-48.450526343475474,-34.99768668342938,-0.011174966219570601,-0.08864383395289943,2,0.1,0.10200000000000001,0.9803921568627451,0.25,0.233,1.0729613733905579,0.5190000000000001,0.331,1.5679758308157103,-0.002645208055038095,988.0853904531838,0.0012330238369709493,0.027235302847566846,22.08822086884645,-0.004282684272339798,0.5692411653560373,1.3444186282126012,0.5639313671438446,0.8715509189983077,0.00500500500500498,0.16003103137387018,-0.5755755755755754,0.6452905811623246,0.9116912358182057,0.9246404610775263,0.6343932925022806,0.11796508805673779,-0.6488077832395356,0.9,0.9,0.9090909090909091,0.9090909090909091,0.11276456902598057,0.11276479025001415,0.10919503095265837,0.1028678604997348
4,66,0.7656277789341709,0.8036543290050374,0.8228233984080287,0.8619804146793068,0.7765602677903869,0.8030683442238475,0.8260136529370159,0.8651747169596451,-59.44904715111102,-49.80352620209857,-44.94124813177527,-35.008981858827326,-56.80658919345464,-50.06726224666235,-44.23372175188965,-34.27754048406962,0.1309072620908667,-0.23838402732516828,1,0.1,0.099,1.0101010101010102,0.25,0.24900000000000003,1.004016064257028,0.524,0.297,1.7643097643097645,-0.005649154962201974,987.5386254835446,0.0004396072446776799,0.019857691393720366,45.17143799183752,-0.0012863974139138978,0.5497225701070234,1.2402458132455052,0.5383382914102794,0.868273976558335,0.025025025025024985,0.14593657991557576,-0.5755755755755754,0.6222444889779559,0.8582715588072031,0.9170356957212613,0.5452790988788164,0.12852241429487818,-0.6396744852518998,0.9,0.9,0.9090909090909091,0.9090909090909091,0.11384566386873186,0.11384483322130265,0.11030824665175544,0.10364940561818399
4,66,0.7255686180135954,0.7948174476659702,0.8153596496318688,0.8605628238854444,0.7112489815627382,0.7923851709136931,0.8176742307380213,0.862591409134892,-69.6091067150598,-52.04424537058006,-46.83374678089112,-35.36802971274449,-73.42265144857197,-52.79161027399391,-46.36119200224965,-34.939800828166824,0.06046380035997501,0.09719238892451898,2,0.1,0.101,0.9900990099009901,0.25,0.23399999999999999,1.0683760683760684,0.484,0.338,1.4319526627218933,-0.005448432486214738,988.5217933025616,0.0008685384811158169,0.020688541466680872,23.81994801209288,-0.02109383048180158,0.5588052137463917,1.4238326326804474,0.542102647797942,0.8646975070875442,0.025025025025024985,0.18376562003881725,-0.5555555555555554,0.6482965931863728,0.9052547911089229,0.9188380490239098,0.5888154066442466,0.1284863802901477,-0.6590715362402201,0.9,0.9,0.9090909090909091,0.9090909090909091,0.1138167972430728,0.11381573352066057,0.10992539336036979,0.10406729029602194
4,66,0.7180105306427406,0.7727784897597006,0.7998805305463902,0.8620901827422497,0.7211155236890237,0.7732980998861377,0.7986053662311203,0.8620602082724905,-71.53315309120072,-57.63999313407243,-50.76493344798874,-34.98401586826563,-70.95891028142165,-57.681660892697835,-51.24252141173497,-35.0971751275103,0.07505154990676946,-0.016033496420090998,1,0.1,0.1,1.0,0.25,0.246,1.016260162601626,0.506,0.348,1.4540229885057472,0.0009566647525249827,987.688215336186,0.004282018056655886,0.03310296722248866,7.73069304811409,0.001607884673333393,0.5406941763852023,1.4218201725468584,0.5406589381020627,0.8741239616095634,-0.035035035035035036,0.16758078645307686,-0.5555555555555554,0.6643286573146293,0.8920037807749254,0.9238485279303454,0.599695159188313,0.12003239516164363,-0.644883323515985,0.9,0.9,0.9090909090909091,0.9090909090909091,0.11156438826138473,0.11156452063747273,0.10798836040308832,0.10271549973732781
4,66,0.7942753653005759,0.7868475607253241,0.8253925611884309,0.863915091310928,0.7761466092671028,0.7842821453147008,0.8269700596721316,0.8652418120312406,-52.17691539583859,-54.06079250888334,-44.28481584456938,-34.51453822092998,-56.91807360282027,-54.84949184920234,-43.99545098168525,-34.26428537122595,0.10278977383516913,-0.255508608524051,1,0.1,0.1,1.0,0.25,0.253,0.9881422924901185,0.483,0.30700000000000005,1.5732899022801299,-0.00011637514236984003,987.928472449481,0.0006267280635607661,0.036035932792455365,57.49851472697201,0.006027051032958641,0.5411087773851972,1.4329805623611174,0.5378253605036196,0.8652369848022994,0.00500500500500498,0.14593657991557576,-0.5555555555555554,0.6513026052104208,0.8533745940108791,0.9139220383820946,0.5508533212815035,0.1294160784376503,-0.6262919813465134,0.9,0.9,0.9090909090909091,0.9090909090909091,0.11896483021203337,0.11896887722938476,0.11533237126598836,0.10960691820547894
4,66,0.7341808192750319,0.7865401580133898,0.8097747564713508,0.8536555826107459,0.7223755596543423,0.7906124485429161,0.8121409034618501,0.8558185214724333,-67.39624275597504,-54.1209678321394,-48.23002860894417,-37.104410048396005,-70.5229497788662,-53.18922122757789,-47.720501891577584,-36.62538916452172,0.15169181271554322,0.030248727870784364,2,0.1,0.101,0.9900990099009901,0.25,0.23700000000000002,1.0548523206751055,0.484,0.32499999999999996,1.4892307692307694,0.002898396597234343,987.6940282491868,0.00015027882723781105,0.05057789252074616,336.56033554685916,-0.005338173815091496,0.5552079730539261,1.3357603379154301,0.5386383766193668,0.875132395649576,0.025025025025024985,0.14593657991557576,-0.5355355355355353,0.6362725450901804,0.8848529716101617,0.9217663777866488,0.6049875028734221,0.1225887228597403,-0.6308409052269484,0.9,0.9,0.9090909090909091,0.9090909090909091,0.1142528729498385,0.1142526304278341,0.11063955535193047,0.1052779844512241
4,66,0.76956781005609,0.808989532180141,0.8352515634441907,0.8710075926760138,0.7836034886693496,0.8144506881052502,0.8381119417570151,0.8724836409200101,-58.44096428995908,-48.44304058207288,-41.782606414182965,-32.71435588895753,-55.0068326432222,-47.16563998050876,-41.15107619781105,-32.4139746064036,0.28217379245241087,0.03003936828249376,1,0.1,0.10200000000000001,0.9803921568627451,0.25,0.25,1.0,0.49000000000000005,0.33399999999999996,1.4670658682634734,0.0030031252969784372,987.066858824157,0.0015656825406552735,0.04477548364644483,28.598060260482487,0.01863264216900573,0.5069813266475174,1.1956456542909648,0.500072321669542,0.8702290505239237,0.00500500500500498,0.1754867149648152,-0.5755755755755754,0.6482965931863728,0.8789907013654866,0.9164393598350281,0.5922047554006424,0.126848920955614,-0.6044568954918497,0.9,0.9,0.9090909090909091,0.9090909090909091,0.11319693434856654,0.11320005288659976,0.10963875325091005,0.10337495344474606
4,66,0.7178209005006011,0.7785688002948465,0.8261019841708692,0.8624479939963159,0.7151620222436813,0.7850885564584639,0.8249436754752785,0.8622908051581466,-71.5676377826504,-56.160459518051255,-44.104861876941925,-34.88660981416729,-72.45437023901212,-54.66712487433949,-44.529159523263274,-35.02915259749477,0.051797085129619114,-0.2463680144971816,1,0.1,0.1,1.0,0.25,0.242,1.0330578512396695,0.49000000000000005,0.321,1.5264797507788164,-0.0009377621541921677,986.5604118544468,0.0002842249883467458,0.030995539702977096,109.05283129139752,0.0048577234317794815,0.5294249192655225,1.4140183419123762,0.5323716949657953,0.8610473098056916,0.00500500500500498,0.12708787092020596,-0.5555555555555554,0.625250501002004,0.8810945290634867,0.9169236569244977,0.5955474169657741,0.12551961741637066,-0.6436529324984076,0.9,0.9,0.9090909090909091,0.9090909090909091,0.11654188833522776,0.11654299329668927,0.11280035364247537,0.10723612378085776
4,66,0.7694522998921481,0.8005849982718607,0.8275706362382697,0.8633027242522204,0.7667930512434916,0.8008170435277665,0.8257124055370658,0.866043732151579,-58.477545815957484,-50.58085547802588,-43.73605121489379,-34.67274321850894,-59.295994645882814,-50.6449382555075,-44.314958551720764,-34.0601778097778,0.049932754734056006,-0.37128757072116203,1,0.1,0.1,1.0,0.25,0.246,1.016260162601626,0.527,0.307,1.716612377850163,-0.003785384887491139,987.2396036313083,0.00011183337068408,0.03609407127821644,322.74866667641805,0.008121020868411266,0.5512762787090341,1.22787165215566,0.5451688717018188,0.8777750498724693,0.065065065065065,0.14593657991557576,-0.5355355355355353,0.6352705410821643,0.8624169423924379,0.9180264531321272,0.5497894136848197,0.12603769361582015,-0.6251051759857004,0.9,0.9,0.9090909090909091,0.9090909090909091,0.1147254049508715,0.11472460092565433,0.11078249601078091,0.1043438398948863
4,66,0.7548759841207505,0.7657482298459987,0.800104058517765,0.8583965003569007,0.7577735299417293,0.7660600433038501,0.803777746594084,0.8592295096127542,-62.171196276516895,-59.41365120070557,-50.69992741508125,-35.91512214000926,-61.58553907871587,-59.47871156161409,-49.88906973022668,-35.79058281610668,0.22818539113313813,-0.15427995148082552,1,0.1,0.1,1.0,0.25,0.24299999999999997,1.0288065843621401,0.526,0.345,1.5246376811594204,0.0011830196335750331,986.3383127992904,0.0008332750088799576,0.04165093906867295,49.98462527354306,-0.008014051669932076,0.5628331526098389,1.3231568160139364,0.560526053927698,0.8714252108802936,-0.015015015015014992,0.16758078645307686,-0.5355355355355353,0.62625250501002,0.8965366889946166,0.9204853228403604,0.5835045068328838,0.12537143945523674,-0.6194814653511984,0.9,0.9,0.9090909090909091,0.9090909090909091,0.11386965558287195,0.11386987216833122,0.11030643945287538,0.10463064829666245
4,66,0.7143002433281458,0.7649895814000913,0.8009436537751234,0.8553516277473016,0.7088092458580724,0.7616681247725481,0.8028260860362584,0.8569630696762593,-72.45303672035871,-59.598295381269736,-50.480395679917734,-36.68261376365862,-73.9966364561856,-60.56427574115557,-50.10532176137323,-36.348172400473175,0.06390616036844328,-0.040215383562589135,1,0.1,0.101,0.9900990099009901,0.25,0.238,1.050420168067227,0.475,0.33999999999999997,1.397058823529412,0.00010110088212478274,986.3032034667739,0.0059062334517673365,0.025883613495411847,4.382423029294013,0.00862604732193717,0.5715475363994167,1.227708891690653,0.5815602152674539,0.8765821974102648,0.00500500500500498,0.13936192742241435,-0.5355355355355353,0.6402805611222445,0.8965185424520371,0.9197926117075312,0.6024423357757724,0.1254039626467616,-0.6330457993348495,0.9,0.9,0.9090909090909091,0.9090909090909091,0.11549399639409007,0.11549333143355334,0.11166704610149791,0.10614430828400621
4,66,0.7226941350009785,0.7819545612849808,0.8060751085881741,0.8580034914507086,0.7233579586140987,0.7851176221178883,0.806274667849936,0.8589775830438198,-70.31891832970126,-55.29172416609154,-49.17526212917454,-36.00731952717831,-70.29105080421482,-54.598744518271815,-49.223021548009456,-35.83191414125102,0.11673459059127932,-0.23293267996805778,1,0.1,0.10200000000000001,0.9803921568627451,0.25,0.231,1.0822510822510822,0.547,0.324,1.6882716049382718,-0.0071090058252425425,987.4767820144789,0.000157673326287116,0.027770133172074583,176.12448361434593,0.009354734143199206,0.5536124685047159,1.4066297684806963,0.548399550315387,0.865392470910711,0.00500500500500498,0.15282140360258709,-0.5955955955955954,0.6482965931863728,0.883422337431015,0.9210695450170363,0.5936718264969667,0.12354933644407487,-0.6042344284869718,0.9,0.9,0.9090909090909091,0.9090909090909091,0.11366047598271047,0.11365828635416746,0.10975326890599253,0.10358884193301603
4,66,0.7030656129294623,0.7566422111807366,0.8131332592698935,0.8607311553144892,0.720230471052637,0.753395250774255,0.8117204767612352,0.8602253137394512,-75.3087807444912,-61.72063310505183,-47.39331993481193,-35.32149641687758,-71.16927709394838,-62.7326421013947,-47.89555750017806,-35.556636259227105,-0.0037059997374550217,-0.15221655863352312,1,0.1,0.10200000000000001,0.9803921568627451,0.25,0.24800000000000005,1.008064516129032,0.501,0.329,1.5227963525835866,-0.0010988898565420513,987.5229170164753,0.0013781518131439946,0.03392432600728972,24.61581204896269,-0.005164258082903217,0.5511107255123122,1.2500811196503154,0.5328488310496315,0.878552441037844,0.025025025025024985,0.16003103137387018,-0.5555555555555554,0.657314629258517,0.9327616822341864,0.917294405202713,0.6178232822112574,0.12887132065448767,-0.6324540179975989,0.9,0.9,0.9090909090909091,0.9090909090909091,0.11896371885452715,0.11896351681048274,0.11531272955318135,0.11060313516881576
4,66,0.6841428302427826,0.7593121808971495,0.7853142677211882,0.8461404031157314,0.6796904807352836,0.7522756175096941,0.7811186031138679,0.8467993598583009,-80.08483329173009,-61.025823422079924,-54.43305622245978,-39.0107344287311,-81.44077422323352,-62.985532088759584,-55.652015795189186,-38.95225709581132,-0.02577061978092801,-0.21258568078798978,1,0.1,0.1,1.0,0.25,0.22999999999999998,1.0869565217391306,0.508,0.298,1.7046979865771814,-0.001797602509748586,986.9577680762408,0.0005407122160470852,0.03630130007499456,67.13608273986812,0.006899347386187138,0.5765119695415124,1.386638118217754,0.5974791044370427,0.8674307409783915,0.00500500500500498,0.16758078645307686,-0.5555555555555554,0.6452905811623246,0.9077117010154526,0.922630673154651,0.6243292678030435,0.12055475328980987,-0.6390556365086947,0.9,0.9,0.9090909090909091,0.9090909090909091,0.11773383567683916,0.11773548980651623,0.1139161003537577,0.10850533298505655
4,66,0.7834051296519936,0.7739025225550121,0.7989177340293135,0.859873487405361,0.7849532978965189,0.7778604698799549,0.8017621883664081,0.8610427449258949,-54.933398598438,-57.34347646659853,-50.99904836110315,-35.53927919992958,-54.676112057727636,-56.47947967809333,-50.40241350802617,-35.33019746571145,0.18662275250876703,0.015398690594873976,1,0.1,0.10200000000000001,0.9803921568627451,0.24900000000000003,0.24699999999999997,1.0080971659919031,0.507,0.315,1.6095238095238096,-0.0033563149922599678,986.9798617198251,0.0023799631543955243,0.03272418054451533,13.74986855745117,0.022929972031292545,0.5596378336174396,1.3159493944949747,0.5609964271337035,0.8795578489088823,0.025025025025024985,0.15282140360258709,-0.5555555555555554,0.6462925851703407,0.8712938528633523,0.9183428782246915,0.5812640673182947,0.12584365395546776,-0.6419373110140286,0.9,0.9,0.9090909090909091,0.9090909090909091,0.11739027539381196,0.11738741024251513,0.11363287198827887,0.10786675557140012
4,66,0.7271134915715588,0.7570450762960106,0.808192106347127,0.8705510636633524,0.7281465105138674,0.7574509913541333,0.81043304454351,0.8724117245256803,-69.22899482052185,-61.63560540822536,-48.66003729060134,-32.84009823271214,-69.18821374271056,-61.73006160411566,-48.2458365992303,-32.47192041296702,0.21612091008194614,-0.13074629510081737,1,0.1,0.101,0.9900990099009901,0.25,0.24400000000000005,1.024590163934426,0.5010000000000001,0.3489999999999999,1.435530085959886,0.002558803890437278,986.6668911486057,0.011575199213289705,0.02953043130524909,2.5511812592689243,0.03129635829066202,0.5600863206854023,1.3108911074190437,0.572137446607656,0.8720820424156825,-0.015015015015014992,0.16758078645307686,-0.5755755755755754,0.6513026052104208,0.9013666283516539,0.9213590706597059,0.6338180507262633,0.11957274218495043,-0.6117720499595832,0.9,0.9,0.9090909090909091,0.9090909090909091,0.11684819304631033,0.11684584919820495,0.11308199731120938,0.10671286488289139
4,66,0.7395548637692608,0.7733238540074833,0.8142036394421225,0.8622426721147634,0.7289766922965639,0.7693282578678957,0.8124548634960604,0.8650877502283694,-66.05322950067787,-57.488850474473594,-47.12105521313134,-34.937555470961854,-68.89480005032266,-58.63733154950876,-47.67444095246563,-34.29503001463752,0.11068286525246127,-0.19236423022935467,1,0.1,0.1,1.0,0.25,0.242,1.0330578512396695,0.487,0.329,1.4802431610942248,-0.00040084816239960297,988.5829578022536,0.0016654859438954479,0.026374829844456986,15.836116744863196,0.0002891154569005794,0.5292901500557028,1.3094679514781487,0.5418511265271806,0.8725013449941696,0.04504504504504502,0.12708787092020596,-0.5755755755755754,0.6432865731462926,0.9018600480487677,0.9156829356908459,0.613549708544799,0.12593174863403545,-0.6335268493080612,0.9,0.9,0.9090909090909091,0.9090909090909091,0.11775790312160397,0.11775503197501731,0.11380379730155238,0.10756338508331668
4,66,0.7061786227651279,0.7658235154207435,0.8188044743720676,0.8664630121344161,0.6958537287158723,0.7596948288868473,0.8147012164820889,0.8668765008724733,-74.50619357470606,-59.3816510388186,-45.94692542235853,-33.86184069017949,-77.30335817780343,-61.07718051616246,-47.09647819030772,-33.835343407265185,0.23151312707276803,-0.19417564454780623,1,0.1,0.101,0.9900990099009901,0.25,0.24,1.0416666666666667,0.542,0.321,1.6884735202492214,-0.001068382282784608,986.482020792012,0.001328610923139681,0.02807655216763741,21.132260527625988,-0.019703732661273232,0.5520438930869298,1.5001085993397778,0.5385867460750002,0.8729999270867208,0.00500500500500498,0.16758078645307686,-0.5755755755755754,0.6102204408817635,0.892239453614694,0.9227609601144475,0.5929832405774443,0.12126572053688046,-0.6234028099694179,0.9,0.9,0.9090909090909091,0.9090909090909091,0.11457969502465053,0.11458053639772751,0.11082800715200222,0.10446537967560542
4,66,0.7203014010503942,0.7694686723688271,0.8006761942901495,0.8489830038647951,0.7146345457322395,0.7699952150711759,0.8017535083290578,0.8520041908171877,-70.92036214073062,-58.45351139328346,-50.54053376491234,-38.291861652277134,-72.52024657427543,-58.45137688127639,-50.380605793201,-37.61034285469748,0.06843909567866747,-0.40891800007963264,1,0.1,0.101,0.9900990099009901,0.25,0.23000000000000004,1.0869565217391302,0.488,0.29100000000000004,1.676975945017182,0.001667613844195892,986.9817742857251,0.0034787368211559094,0.030737789513571565,8.835905414471124,0.02429756517140047,0.5868925437884858,1.2928905957935803,0.6026925542159536,0.8826139877941038,0.00500500500500498,0.18376562003881725,-0.5555555555555554,0.654308617234469,0.9149269450427322,0.9218382354535971,0.6139626984782992,0.12369319580324255,-0.6512229512871153,0.9,0.9,0.9090909090909091,0.9090909090909091,0.11909138347874265,0.11909262801750127,0.11520431678911473,0.10885931356498424
4,66,0.7541789275384239,0.7812224150810791,0.8143445075193576,0.8562360526174554,0.7589735342476348,0.777292818494932,0.8136678507371894,0.8561408128490593,-62.342600905076836,-55.48411097144145,-47.08402806014661,-36.4599271594561,-61.28818303198116,-56.6299574613636,-47.38051828920163,-36.58049818478227,0.11994325120870653,0.01567021623066278,1,0.1,0.1,1.0,0.25,0.23099999999999996,1.0822510822510825,0.518,0.311,1.6655948553054662,-0.007126085151759831,987.323057425549,0.0007509266073247798,0.024630680337672673,32.8003830166851,0.001973990719110419,0.5577836539079104,1.1543377620211488,0.5502275174570403,0.86589386019131,0.025025025025024985,0.16003103137387018,-0.5555555555555554,0.6362725450901804,0.9079323008036966,0.9224530440448463,0.6185384276018336,0.12246080265146458,-0.6460873003839317,0.9,0.9,0.9090909090909091,0.9090909090909091,0.1144430217799819,0.11443991874502199,0.11076458634600862,0.1042194102882814
4,66,0.7509752633272875,0.7923986852384044,0.8237495054718946,0.8674280062168085,0.739397861282789,0.794094487711582,0.827200293161547,0.8675966852825555,-63.15806191550996,-52.65218574926766,-44.700939331482516,-33.62312637489438,-66.29484834700088,-52.38051682217707,-43.95869663868143,-33.6822165506407,0.08531072212878704,-0.28244650351717304,1,0.1,0.1,1.0,0.25,0.24500000000000002,1.020408163265306,0.51,0.321,1.588785046728972,-0.00418583200975986,987.2909833971593,7.69640743698524e-05,0.025919865156710915,336.77875513908583,-0.006919014027326531,0.5266515885345346,1.3370161279879422,0.5409428066216792,0.8664852005012076,0.025025025025024985,0.14593657991557576,-0.5555555555555554,0.6422845691382766,0.8627744675331118,0.9199562093497207,0.5914284582541186,0.12098572065582047,-0.6255122565594525,0.9,0.9,0.9090909090909091,0.9090909090909091,0.11764566885052793,0.11764514969882463,0.11407943620326974,0.10699476622403106
4,66,0.7572945711412813,0.7944200156842506,0.8231922401636957,0.8621762248723371,0.7577832482355832,0.7929501556001303,0.8271962609995571,0.8644234496191971,-61.55512654445354,-52.139344426980415,-44.842112028323896,-34.95496560876714,-61.58961292639927,-52.64755505210496,-43.93963390122266,-34.473698449938496,0.10998970060153364,-0.12640653368467047,1,0.1,0.1,1.0,0.25,0.248,1.0080645161290323,0.5069999999999999,0.325,1.5599999999999996,0.004782818337200179,987.2328808467828,0.009826920378316801,0.03000136601312959,3.0529774189814245,0.01499280169637296,0.5509574233538599,1.2777207419753043,0.5564906108843393,0.8710787549076228,-0.035035035035035036,0.15282140360258709,-0.5755755755755754,0.6503006012024048,0.8907136599574136,0.9181069636485386,0.5985142012309942,0.1284015710207102,-0.6388172948801435,0.9,0.9,0.9090909090909091,0.9090909090909091,0.11487636704203717,0.11487701918471822,0.11148931496718416,0.10614021613987507
4,66,0.7192407031206169,0.763135931607312,0.809480082774188,0.8598412016006457,0.7252834015609388,0.7616694470274454,0.8088898340613971,0.8601445945787143,-71.2082105898426,-60.075184155057514,-48.3210441761554,-35.54809170478944,-69.87036923089369,-60.616081553912096,-48.60622886923795,-35.57028905877769,0.023771015414063762,-0.04049960048224577,2,0.1,0.099,1.0101010101010102,0.25,0.23399999999999999,1.0683760683760684,0.543,0.33199999999999996,1.6355421686746991,-0.007345479076688699,988.5065419865211,0.0008947931617349307,0.016843948847584295,18.824404977486928,-0.006139792265559052,0.5492086889496027,1.3913093162157069,0.5555309872287414,0.8791863959367242,0.025025025025024985,0.15282140360258709,-0.5755755755755754,0.6282565130260521,0.9265974539649693,0.9181600916495296,0.6266130041202004,0.1280078699212665,-0.6257867103799319,0.9,0.9,0.9090909090909091,0.9090909090909091,0.11519444531691124,0.11519183995453734,0.11161060187975001,0.10478892068799107
4,66,0.7892015238758819,0.8181120954516965,0.823264569984285,0.8654484215234598,0.7814205554015505,0.8184285088415303,0.8246851123851876,0.8670841391432704,-53.47385667941617,-46.140028705940466,-44.8329856486759,-34.13208651094479,-55.59618241856964,-46.18312468952806,-44.59174324662587,-33.8074536701626,0.0856256192361845,-0.033107131384233046,1,0.1,0.101,0.9900990099009901,0.25,0.24900000000000003,1.004016064257028,0.484,0.32,1.5125,0.005037187665209553,988.315253954729,0.00037454070617573353,0.037624381564480426,100.45471945798907,-0.007312493763120154,0.5168024012953762,1.5203557137139876,0.520526936896563,0.8667858909516793,0.00500500500500498,0.15282140360258709,-0.5755755755755754,0.627254509018036,0.868056042712901,0.9115744569005008,0.5753181717976089,0.132554345884832,-0.6454489979707793,0.9,0.9,0.9090909090909091,0.9090909090909091,0.11813002780624587,0.11812957955100864,0.11436931270247035,0.10745032338059475
4,66,0.7303190533456608,0.756606559544159,0.8031905208152573,0.8475144247995692,0.7222162926772411,0.7529867929694954,0.8027926101304865,0.848952783555433,-68.3777534037537,-61.7125416461561,-49.90115246244818,-38.6628020556781,-70.61092823632413,-62.789254284051424,-50.12891860345667,-38.39528337877431,-0.06218717635443738,-0.31778425279475586,2,0.1,0.101,0.9900990099009901,0.25,0.22800000000000004,1.0964912280701753,0.54,0.29100000000000004,1.8556701030927834,-0.0014595668614501012,987.8847319188442,0.0008978213811391114,0.03525273787959208,39.26475646510573,-0.008339595124114085,0.5521013818173526,1.2488749676743676,0.5433087488569992,0.861557590113081,-0.035035035035035036,0.13936192742241435,-0.5755755755755754,0.6322645290581163,0.8777537599223688,0.9185076366472599,0.6192229079675443,0.12141470992595482,-0.6447590904895737,0.9,0.9,0.9090909090909091,0.9090909090909091,0.11452446314033914,0.11452441338619719,0.11081690219361164,0.10411428026744397
4,66,0.756138102343207,0.7796640864766876,0.8089547846557522,0.8595727764733304,0.7601368973994881,0.7826047266163317,0.8115458448687815,0.8609876772624646,-61.84265704955007,-55.87653695247934,-48.44850239835182,-35.61192916329472,-60.95655237221399,-55.24678962213619,-47.891966094300585,-35.32728393598126,0.2558878147423049,0.28242782382686915,2,0.1,0.101,0.9900990099009901,0.25,0.246,1.016260162601626,0.5159999999999999,0.321,1.6074766355140184,-0.004129158047325054,986.75875110547,0.0006738287938930909,0.026730878716945575,39.670134252509655,0.03580750547791767,0.5744331749421634,1.5521721904976966,0.5832489465551742,0.8673097446403322,0.025025025025024985,0.1754867149648152,-0.5755755755755754,0.6332665330661322,0.8983246961871388,0.9234426270872811,0.6157409594877157,0.12181907919059673,-0.635907877981327,0.9,0.9,0.9090909090909091,0.9090909090909091,0.11399441121270541,0.11399494166478855,0.11050008071531596,0.10468366870402096
4,66,0.7299907248944261,0.7647047718730148,0.8008028641937764,0.8713754754029731,0.7362257652424963,0.7652114109207986,0.8020445722133204,0.8714922707094861,-68.47772325695598,-59.673807535174575,-50.51888063468701,-32.62078532661084,-67.05659834368106,-59.68787712733837,-50.32416309821298,-32.669192254560585,0.08872377630783779,-0.06478410411132574,2,0.1,0.1,1.0,0.25,0.24300000000000002,1.02880658436214,0.502,0.33999999999999997,1.4764705882352942,0.0020548295818284545,987.5658919052346,0.0011190761433965263,0.035301183199260774,31.54493410262288,0.003293287750685381,0.5280703538011233,1.2736010004748906,0.51858241610285,0.8713060707395643,-0.035035035035035036,0.15282140360258709,-0.5555555555555554,0.6332665330661322,0.8995478497042985,0.9186906766933424,0.6119630888014717,0.12382358705287905,-0.6349608638227655,0.9,0.9,0.9090909090909091,0.9090909090909091,0.11295813536336335,0.11295850983076017,0.10945082949515146,0.10347162760320881
4,66,0.709117531454864,0.7618219811735888,0.8174149317785725,0.8652540628464414,0.7139166485758052,0.7609788330793835,0.8164993068473269,0.8651180328639662,-73.77018467818291,-60.4039030711873,-46.305073899918824,-34.172677089029975,-72.77216619314524,-60.80077011204767,-46.677805164772394,-34.31046539414834,0.0723636787606039,0.0036835766832576944,1,0.1,0.1,1.0,0.25,0.24200000000000005,1.0330578512396693,0.5160000000000001,0.308,1.6753246753246758,0.0060337452929231095,987.0709676456844,0.0013627310992457193,0.03871071291616179,28.406714235543916,0.012811548739842693,0.5586795761675326,1.3421884079566342,0.5699322285424505,0.8766538565779844,0.00500500500500498,0.13308347246540758,-0.5755755755755754,0.6693386773547094,0.9002916117398398,0.917867430086929,0.5986135965996694,0.12634201040981596,-0.6150229737424572,0.9,0.9,0.9090909090909091,0.9090909090909091,0.11720716540727186,0.1172074898476672,0.11325138777677936,0.10722790690013585
4,66,0.8034578968240269,0.8018148705923359,0.8140899744806136,0.8591810554778488,0.820937017747033,0.808632968321717,0.8160640626997162,0.8595664103647999,-49.854742721107954,-50.271511691935785,-47.15781678211266,-35.72004235206566,-45.54089536112724,-48.67017099557884,-46.78022876838514,-35.716323554407694,0.16878288103165512,-0.20144312677513998,2,0.1,0.1,1.0,0.25,0.24,1.0416666666666667,0.49499999999999994,0.32300000000000006,1.53250773993808,-0.004202010164925385,986.7340582149205,0.000599058221351579,0.02570497846443521,42.90898204591923,0.02658459545287828,0.5435420567237381,1.3384164074567815,0.5449698824139826,0.872397631700796,0.00500500500500498,0.15282140360258709,-0.5355355355355353,0.6523046092184369,0.8615278410761114,0.9174869927778803,0.5574727356936481,0.12689876905705566,-0.6286341803822324,0.9,0.9,0.9090909090909091,0.9090909090909091,0.11589221137276087,0.11589009587485914,0.11194473682408213,0.1060486572862724
4,66,0.6932277698753916,0.7503098441246104,0.7926151260368668,0.8604097942038808,0.6985199469316733,0.7483757518713776,0.792859403071789,0.8611934746111097,-77.8055822551569,-63.32805271642209,-52.59831003301608,-35.40378226110175,-76.65697446721248,-63.98019825131112,-52.66939317623874,-35.29417009292854,-0.01680181693830639,0.062261886465030614,1,0.1,0.099,1.0101010101010102,0.25,0.23499999999999996,1.0638297872340428,0.481,0.332,1.4487951807228914,0.001059101116404615,987.0507297112188,0.0030040331928616265,0.03182118935367934,10.5928221529958,0.02320965523808849,0.5668605337963495,1.2913052012862138,0.5676646727304036,0.8654489397799294,0.00500500500500498,0.13308347246540758,-0.5955955955955954,0.6432865731462926,0.8998594399163843,0.918325515327074,0.6222353745810042,0.12545263936361595,-0.6626626167013414,0.9,0.9,0.9090909090909091,0.9090909090909091,0.11543375045508021,0.11543219960009965,0.11176702765742805,0.1051613492423082
4,66,0.7756887818603008,0.7946396668299532,0.8160405306366341,0.8675250380094205,0.7562297783312578,0.7919639158232439,0.817402057353236,0.867306810228757,-56.90143057851651,-52.09412546713972,-46.66532981297971,-33.605162129715495,-62.03566261929382,-52.9418902861961,-46.46828594349313,-33.76831631105779,0.15720828836825812,-0.0312808262016433,1,0.1,0.10200000000000001,0.9803921568627451,0.25,0.23899999999999996,1.0460251046025106,0.5219999999999999,0.34,1.5352941176470585,-0.0026336814792302654,987.3400571544236,0.0012061847312139179,0.029776551813965404,24.6865600628172,0.011648475683575077,0.5188302271097163,1.2493068749260225,0.5290151310194904,0.8482674167310479,-0.015015015015014992,0.15282140360258709,-0.6356356356356354,0.655310621242485,0.8377078195025288,0.9219870469721603,0.6016647162923514,0.11953547976326663,-0.6109505150799321,0.9,0.9,0.9090909090909091,0.9090909090909091,0.11519061927922532,0.11518920888487957,0.11199716244707228,0.10771017232379569
4,66,0.7196226319630665,0.7581214412241476,0.7997128385728485,0.8553923067742099,0.7135738017995782,0.7633721281017214,0.8023350471979761,0.8561840722974556,-71.11609885212778,-61.351098401950225,-50.80168085816791,-36.678905570112846,-72.83451016111906,-60.17143420700464,-50.26366339325634,-36.570546665749475,-0.05487059569640276,-0.019101638054143333,1,0.1,0.1,1.0,0.25,0.25200000000000006,0.9920634920634919,0.5179999999999999,0.335,1.5462686567164174,-0.006607288677086043,987.3518591213625,1.5489539647860669e-06,0.017251558020975694,11137.553738311639,-0.0023983047131139745,0.5287761493701413,1.4651563372624208,0.5081471019764754,0.8826450700053458,0.065065065065065,0.13308347246540758,-0.5555555555555554,0.6302605210420842,0.9022624747937905,0.9224156491540111,0.608100780977294,0.12184869790953581,-0.6725602008642356,0.9,0.9,0.9090909090909091,0.9090909090909091,0.11308279206952321,0.11308735134102525,0.10930024425035961,0.10293639365242946
4,66,0.7490530181536538,0.7756526524200448,0.8086884046211137,0.8660478908771772,0.7537552811175414,0.7747845298902948,0.8063608429330787,0.8672303958212436,-63.64545434768195,-56.89922533982238,-48.520660899299,-33.97308380928217,-62.61310272323891,-57.265956520158454,-49.23698866597792,-33.75957422638734,0.13647063497853984,-0.18999923992089185,1,0.1,0.1,1.0,0.25,0.24,1.0416666666666667,0.521,0.329,1.5835866261398177,0.0010367263359227774,988.0238772869401,0.0011029339348067766,0.03719482374786999,33.72352828584077,0.014249004091522521,0.5530402216282686,1.2471644819582581,0.5578525759515409,0.8728629184252321,-0.05505505505505506,0.16758078645307686,-0.5355355355355353,0.6452905811623246,0.882468484260026,0.9250756475185749,0.6139291546586265,0.11577092723411023,-0.6124975887768794,0.9,0.9,0.9090909090909091,0.9090909090909091,0.1175704543337952,0.11757229642778573,0.11391842896836346,0.1081512739615822
