problem_id,matrix_id,disp.ratio_mean_02,disp.ratio_mean_05,disp.ratio_mean_10,disp.ratio_mean_25,disp.ratio_median_02,disp.ratio_median_05,disp.ratio_median_10,disp.ratio_median_25,disp.diff_mean_02,disp.diff_mean_05,disp.diff_mean_10,disp.diff_mean_25,disp.diff_median_02,disp.diff_median_05,disp.diff_median_10,disp.diff_median_25,ela_distr.skewness,ela_distr.kurtosis,ela_distr.number_of_peaks,ela_level.mmce_lda_10,ela_level.mmce_qda_10,ela_level.lda_qda_10,ela_level.mmce_lda_25,ela_level.mmce_qda_25,ela_level.lda_qda_25,ela_level.mmce_lda_50,ela_level.mmce_qda_50,ela_level.lda_qda_50,ela_meta.lin_simple.adj_r2,ela_meta.lin_simple.intercept,ela_meta.lin_simple.coef.min,ela_meta.lin_simple.coef.max,ela_meta.lin_simple.coef.max_by_min,ela_meta.lin_w_interact.adj_r2,ela_meta.quad_simple.adj_r2,ela_meta.quad_simple.cond,ela_meta.quad_w_interact.adj_r2,ic.h_max,ic.eps_s,ic.eps_max,ic.eps_ratio,ic.m0,nbc.nn_nb.sd_ratio,nbc.nn_nb.mean_ratio,nbc.nn_nb.cor,nbc.dist_ratio.coeff_var,nbc.nb_fitness.cor,pca.expl_var.cov_x,pca.expl_var.cor_x,pca.expl_var.cov_init,pca.expl_var.cor_init,pca.expl_var_PC1.cov_x,pca.expl_var_PC1.cor_x,pca.expl_var_PC1.cov_init,pca.expl_var_PC1.cor_init
5,24,0.754044530124372,0.780844451935091,0.8199287327532905,0.8757864885864345,0.7544901081129651,0.7757706329766818,0.8152442936470529,0.8726089762403259,-62.38438832357792,-55.58682968368737,-45.67345409117351,-31.505637727745892,-62.46805168261966,-57.053390314793404,-47.00962932452941,-32.41363920188911,0.7686664746900495,0.710249761235159,1,0.1,0.10300000000000001,0.970873786407767,0.25,0.231,1.0822510822510822,0.53,0.364,1.4560439560439562,0.007094485067194234,12472.198635718352,0.2632617932987307,7.475895126986452,28.397189859233922,0.06594627862629687,0.41540474045152065,3.2319756625672222,0.45719746528172067,0.8584415315798061,2.2072072072072073,22.199661191199525,1.586586586586587,0.6503006012024048,0.8743374489145562,0.919410166994778,0.6012737329840163,0.12376058815440048,-0.5618679891473539,0.9,0.9,0.09090909090909091,0.9090909090909091,0.11339214974162577,0.1133926735918425,0.9986149187642651,0.10568932004907791
5,24,0.6866683985256142,0.7823022623005473,0.8222936473921989,0.8792941547716856,0.6832214549359544,0.7827475093157271,0.821134380695425,0.876647422886601,-79.45788272890132,-55.20605400500688,-45.064623099772916,-30.60984225566014,-80.53465143624953,-55.23212945932809,-45.47303006808909,-31.35994200485456,0.8167304522774541,0.5877897619502002,1,0.1,0.101,0.9900990099009901,0.25,0.23700000000000002,1.0548523206751055,0.515,0.35800000000000004,1.4385474860335195,0.003877278712527743,12594.085056136568,0.8097310315082862,5.407527731796499,6.678177717511821,0.04144602581706225,0.4689571546555875,2.522282136731134,0.5286168179033494,0.8661013462087424,2.2272272272272273,26.694784940343236,1.606606606606607,0.6412825651302605,0.8880987601287478,0.923499008228892,0.6213063695888857,0.11882501299217349,-0.542706795375936,0.9,0.9,0.09090909090909091,0.9090909090909091,0.11679038808929525,0.11679131466684181,0.9987600211056968,0.10639638836838627
5,24,0.7917207349419011,0.7853847807503972,0.8196154909662441,0.885498853705469,0.7972711131195168,0.7817877414895208,0.8139399863842084,0.8805918393910664,-52.82539899301088,-54.43237272644646,-45.75051510388457,-29.040666801270305,-51.58716884277567,-55.52712687649654,-47.34554352358069,-30.385057784931547,0.6969641570587577,0.41987624943912927,2,0.1,0.1,1.0,0.25,0.25,1.0,0.511,0.34199999999999997,1.4941520467836258,-0.0017960351022412446,12321.353480390497,0.3306617080291857,6.558340052184532,19.833987102025322,0.02966972394754286,0.4226244114985146,3.506726924896575,0.4737435696476586,0.8695221167067437,2.1871871871871877,21.199534575360687,1.606606606606607,0.6442885771543087,0.8649383409073386,0.9173364557231675,0.6042425594653258,0.12583298400583418,-0.5618958244494419,0.9,0.9,0.09090909090909091,0.9090909090909091,0.11695045757218452,0.11695307554987795,0.9986755403413133,0.10707719838821973
5,24,0.7601934281691731,0.8222835639343546,0.852001718735821,0.8898246423163578,0.7632561106316001,0.8224836942762348,0.846603780099958,0.8887858825474466,-60.845297193619814,-45.09138046572542,-37.55109519690956,-27.95441480396005,-60.2714673039448,-45.19300686024417,-39.052392342288556,-28.313457473649834,0.683067216610098,0.20711895139118885,1,0.1,0.101,0.9900990099009901,0.25,0.259,0.9652509652509652,0.5109999999999999,0.36499999999999994,1.4,-0.0003174940340180399,12358.939783726533,0.31974958881958515,5.0401691439864775,15.762863566433957,0.028116977397399823,0.38786554501000725,2.66460580952419,0.4282538792188598,0.8721677254233259,2.1871871871871877,25.492146544514203,1.626626626626627,0.654308617234469,0.8287969009255512,0.9104790631864381,0.5618560500831034,0.13204072297539343,-0.5589169315444987,0.9,0.9,0.09090909090909091,0.9090909090909091,0.12216116542174522,0.12215989770418749,0.9985981094677315,0.1131039034891061
5,24,0.7401493519910017,0.7857263140660664,0.8257701791863804,0.8781134171105947,0.7318794696683447,0.7832206730411374,0.8229468114927779,0.8768181256174904,-65.9322855645456,-54.36797621330021,-44.207587657604705,-30.926461223497284,-68.26093232737063,-55.18995113581133,-45.07605480299091,-31.36093152129058,0.7047685598861592,0.441513378234335,2,0.1,0.10400000000000001,0.9615384615384615,0.25,0.23900000000000002,1.0460251046025104,0.488,0.31999999999999995,1.5250000000000001,0.005660351764768867,12749.645410076868,0.3722925339992815,7.736066293839301,20.77953648636486,0.07596664743191939,0.4765599956599118,1.6759732687034579,0.516640161386752,0.8717727979775869,2.1871871871871877,22.199661191199525,1.606606606606607,0.6282565130260521,0.8595997097567288,0.9126361502808857,0.5799496271526426,0.1306477523564156,-0.5606020058948291,0.9,0.9,0.09090909090909091,0.9090909090909091,0.11799671974973719,0.1179966984147488,0.9987279975405545,0.10785434333517635
5,24,0.768139836862993,0.819584298740336,0.8303277674095554,0.8748797558840735,0.7762179786539206,0.8152608316065173,0.8276301115662137,0.8725189107374888,-58.81125618120197,-45.762384888962316,-43.03730749907527,-31.736709879774082,-56.921061391118315,-46.99014461580563,-43.84390194753979,-32.426013781044816,0.7703635064559856,0.7743348633346607,3,0.1,0.101,0.9900990099009901,0.25,0.23399999999999999,1.0683760683760684,0.531,0.366,1.4508196721311477,0.0002717043989420853,12570.396794433349,0.05565242682480363,6.425508144607011,115.4578247743769,0.039055142068423865,0.4248067014665504,2.2713065442957947,0.46374321699162546,0.8801973859169699,2.2072072072072073,24.34368873543108,1.606606606606607,0.6633266533066132,0.8653751069392926,0.909092788615789,0.59912867804631,0.13366629514634945,-0.5648760587125681,0.9,0.9,0.09090909090909091,0.9090909090909091,0.1172241106394732,0.11722616132232193,0.9986701716013916,0.1075227179171079
5,24,0.7713185824596833,0.8032532433951136,0.8425761784241198,0.8757903769165719,0.7698433694929605,0.7995937554292704,0.8369482565952775,0.87547659200345,-57.98752445475381,-49.88974391855848,-39.91849360380482,-31.496256379450756,-58.48226335186905,-50.92275962906061,-41.4310679504178,-31.64110772686925,1.00371797397726,1.553930165550999,3,0.1,0.101,0.9900990099009901,0.25,0.24500000000000002,1.020408163265306,0.5210000000000001,0.339,1.5368731563421831,-0.0022327318356001324,12524.781919439856,0.16582191754363815,4.263875361453477,25.713581320342552,0.051539694897576815,0.4484225195117518,2.817834647080143,0.5140878279930216,0.8728527599310774,2.2072072072072073,19.33242287555043,1.606606606606607,0.625250501002004,0.8670508412610722,0.913898919150883,0.6004845261003517,0.12752443116158863,-0.5367430639866508,0.9,0.9,0.09090909090909091,0.9090909090909091,0.11781454405986838,0.11781521198223407,0.9988219429047814,0.10781982603334458
5,24,0.7307699107868307,0.7634473102938825,0.8138490310290686,0.8691873655910907,0.7321524192528327,0.768123730104709,0.8097638452503826,0.8666210524946979,-68.26423144749023,-59.97876242888705,-47.19922972630599,-33.1680013093756,-68.03207312283013,-58.895522987218044,-48.31912222029234,-33.87764893905168,0.722792145111024,0.4729162585285671,2,0.1,0.101,0.9900990099009901,0.25,0.22999999999999998,1.0869565217391306,0.5040000000000001,0.361,1.3961218836565101,-0.0011705826845298528,12532.890040735296,0.11257176752314974,6.605662694841022,58.67956806738959,0.05587108335863655,0.4753622065163049,2.2986807315911277,0.5404965754413449,0.8844687951937784,2.2072072072072073,22.199661191199525,1.606606606606607,0.6633266533066132,0.8574595686345002,0.9176999999672036,0.5850949073684993,0.1253558438107771,-0.5671942867196905,0.9,0.9,0.09090909090909091,0.9090909090909091,0.1157226802348629,0.11571815725593308,0.9987742553608983,0.10529201720087746
5,24,0.776537488340937,0.8016579089119049,0.8359494905826313,0.8816168502194467,0.7865349412209153,0.8047172567925338,0.8368990383100557,0.8794885204599836,-56.680716426019075,-50.30898353751684,-41.61100819459406,-30.027594751857094,-54.28002513508153,-49.65661485947845,-41.47341185822947,-30.643732402442595,0.7945635687506312,0.40575526544218343,1,0.1,0.1,1.0,0.25,0.24100000000000002,1.0373443983402488,0.49799999999999994,0.34500000000000003,1.4434782608695649,0.004566613950276022,12313.383660114112,0.200558257549165,6.890953910361253,34.35886407555171,0.03807430060883954,0.4386485331073333,2.239698871784837,0.47727321496824027,0.8596705089850378,2.1871871871871877,20.244465099768018,1.606606606606607,0.6332665330661322,0.821703643775969,0.9179543024999112,0.5951433144589355,0.12228001581545649,-0.5326816509700905,0.9,0.9,0.09090909090909091,0.9090909090909091,0.11586131954425571,0.11586557658696355,0.9986555677978618,0.10689622150745955
5,24,0.8082454284008032,0.8255547806936709,0.8497314860093311,0.8894204465535985,0.7831910581803262,0.8200207077952641,0.8488635147246576,0.888400174093966,-48.63394752669092,-44.243845511851305,-38.11200412791942,-28.045851293068864,-55.1163685911921,-45.75367106486166,-38.42135919348485,-28.370495643421293,0.8101091059158028,0.9311904905189334,2,0.1,0.10400000000000001,0.9615384615384615,0.25,0.24700000000000003,1.0121457489878543,0.53,0.336,1.5773809523809523,-0.004247084929009937,12591.624085279022,0.1041076539084127,3.710321096062057,35.639272971477794,0.05146898068071326,0.45215946914324767,3.206348562001787,0.5156950721261895,0.888475041361614,2.1671671671671673,22.199661191199525,1.606606606606607,0.6332665330661322,0.828003069925765,0.9127820085561,0.5701637956690828,0.1305543362667539,-0.5640591710587164,0.9,0.9,0.09090909090909091,0.9090909090909091,0.11774306160710417,0.11774679663292989,0.998667988797746,0.10860538053581953
5,24,0.7312347374016548,0.8030989779811302,0.8188604201377024,0.8738791756572579,0.733351626154269,0.8010029573992893,0.8167673159614768,0.8728042337800173,-68.1808949792661,-49.950234542182926,-45.95184121556835,-31.994576218957803,-67.84148806639777,-50.629431172361535,-46.61861525082958,-32.36153264936715,0.6572377970967764,0.11994160697918455,1,0.1,0.101,0.9900990099009901,0.25,0.22800000000000004,1.0964912280701753,0.48999999999999994,0.35,1.4,-0.0004343263160559996,12565.607179441158,0.5247120789304613,4.736234204648294,9.02634872500424,0.007271845234699481,0.47415094432154603,2.431946295811783,0.5069695603930563,0.8680787221080207,2.1871871871871877,23.246970599856457,1.606606606606607,0.6432865731462926,0.8465704495274827,0.918496764088113,0.5869100182219188,0.1245952500677235,-0.5697698054950491,0.9,0.9,0.09090909090909091,0.9090909090909091,0.11402391707711493,0.1140233113058258,0.9986784991531629,0.10532462556001397
5,24,0.7568024100442957,0.8107408384070733,0.8265750605895592,0.8854060547893194,0.757214007342716,0.8040347394192277,0.824282717761618,0.8835324407740991,-61.690518831496064,-48.00827127607704,-43.991696186214284,-29.068379897524977,-61.75761816667625,-49.847800544095605,-44.69731018248061,-29.62592270152595,0.8736910099430683,1.5114112201555416,2,0.1,0.10300000000000001,0.970873786407767,0.25,0.24300000000000002,1.02880658436214,0.531,0.372,1.4274193548387097,-0.003902041345452689,12542.882685239785,0.013244529586015618,4.993573126851319,377.02910431215605,0.05982593802620306,0.4323081122589889,2.7143980027110266,0.5211766619863925,0.8724360135422835,2.2672672672672673,23.246970599856457,1.626626626626627,0.6322645290581163,0.8854043290261182,0.919400200188264,0.639685414548015,0.12456262655603054,-0.5461051512360203,0.9,0.9,0.09090909090909091,0.9090909090909091,0.11438518429984645,0.11438456624604043,0.9986833294549577,0.10398697128573121
5,24,0.7489693935849152,0.7844577857911502,0.8318286040066196,0.8745012935020386,0.7289991893273966,0.7798782659042572,0.8258199091934648,0.8726735020483531,-63.6733683509012,-54.67181471009755,-42.656309507796806,-31.83247445609544,-68.93768203914871,-55.99496945169997,-44.30825017744078,-32.38954750417031,0.5884465522535449,0.5291513363034261,3,0.1,0.1,1.0,0.25,0.24900000000000003,1.004016064257028,0.489,0.33399999999999996,1.4640718562874253,-0.0019187640300486475,12346.702653475826,0.2370419893692983,5.552227754870717,23.42297147287544,0.04436553424320433,0.4317440169630292,3.317448297184787,0.48126434754277103,0.8751892670207866,2.1871871871871877,24.34368873543108,1.606606606606607,0.6492985971943888,0.8546258103637093,0.9154449864387618,0.5847678737436285,0.12615171437279224,-0.5773323619693808,0.9,0.9,0.09090909090909091,0.9090909090909091,0.11458105485734682,0.1145819510275157,0.9985790087578764,0.10491832578076518
5,24,0.734871653399622,0.7726527691633114,0.8206699633041726,0.8721453623435602,0.7409727717081237,0.7725370930998546,0.8166412758257503,0.8692402221020027,-67.2380200404026,-57.65651941460686,-45.47909250674965,-32.424645645151315,-65.86890266648479,-57.84230551221654,-46.62690496025846,-33.25134249341954,0.8803596633768933,0.980282331920209,2,0.1,0.1,1.0,0.25,0.254,0.984251968503937,0.504,0.329,1.5319148936170213,0.00632174228355753,12682.78262774279,0.028690805508873315,6.9539818654261465,242.37666883474088,0.08248356553142333,0.47022060413732225,2.117400634011889,0.5531247264842395,0.8892307983455021,2.2072072072072073,23.246970599856457,1.606606606606607,0.6412825651302605,0.8837660207408806,0.9203722475931198,0.5919594059989604,0.1223769936209347,-0.5491391307656628,0.9,0.9,0.09090909090909091,0.9090909090909091,0.11795751903331156,0.11795571635526388,0.9988006725051809,0.10771693950088962
5,24,0.6992671674205581,0.7818082660994586,0.8311339273998706,0.8776553925435853,0.6999338337761537,0.7714514758681892,0.8221952187486049,0.8742194702364917,-76.25748869140088,-55.32735996187702,-42.819743063019104,-31.02319237822789,-76.27316473343333,-58.09425117820342,-45.195809782375875,-31.97187869476025,0.7772341623994238,0.54035298742268,3,0.1,0.10300000000000001,0.970873786407767,0.25,0.238,1.050420168067227,0.4720000000000001,0.33799999999999997,1.3964497041420123,0.004902381411725498,12299.42083932122,0.2129992083711971,7.154170258927592,33.58777862901681,0.047767887138212894,0.4442801832400569,2.040103240194769,0.4955149953604605,0.8746936971615903,2.2272272272272273,25.492146544514203,1.626626626626627,0.6312625250501002,0.897972510933308,0.9193381909929674,0.6360675082845362,0.12459042004242969,-0.5318968497121596,0.9,0.9,0.09090909090909091,0.9090909090909091,0.11244176565351188,0.1124424789710204,0.9987416516888645,0.10407459178033406
5,24,0.7494466320308366,0.7962850916480387,0.8365444629837222,0.8939203030267217,0.7518553455297474,0.7926641433727502,0.8292233811082973,0.8914431881292357,-63.56523381435184,-51.68234570470983,-41.4685682052731,-26.912353227245035,-63.14370714898058,-52.759365863847535,-43.45638165855979,-27.62372436524217,0.5634230162077665,-0.041141266308578395,1,0.1,0.1,1.0,0.25,0.257,0.9727626459143969,0.487,0.377,1.2917771883289124,0.004355659283126201,12398.330884802795,0.017687349045125214,5.771708676137436,326.31846985165754,0.012357625041159448,0.39654972513139775,3.320955532964932,0.42913793433277536,0.8718404586652183,2.1671671671671673,22.199661191199525,1.606606606606607,0.6593186372745491,0.8331039717077594,0.9116365277064155,0.5609682412598566,0.13217847707850738,-0.5644045349873719,0.9,0.9,0.09090909090909091,0.9090909090909091,0.11829458231626629,0.11829477161068536,0.9985766229904898,0.10773867450707492
5,24,0.7678893216944787,0.7970831220850775,0.823147555828164,0.8755215567211646,0.7703269465080674,0.7941085202409064,0.8212747328395089,0.8740044290863807,-58.879964424208055,-51.47431664895444,-44.86250136008604,-31.576687317208552,-58.439654215796224,-52.38850052351776,-45.476135113306924,-32.05921410877389,0.6921240122329523,0.39691922756321096,2,0.1,0.101,0.9900990099009901,0.25,0.23899999999999996,1.0460251046025106,0.488,0.368,1.326086956521739,0.008805939245561167,12636.55268969767,0.5011348975110118,8.657746593056237,17.27627957273918,0.0178904179829531,0.47007393613105874,4.889884783968838,0.5105094927601302,0.8853416923404501,2.1671671671671673,25.492146544514203,1.666666666666667,0.6332665330661322,0.8515026293001366,0.9210939911568508,0.5837862504378906,0.12134412967614837,-0.5622347153551507,0.9,0.9,0.09090909090909091,0.9090909090909091,0.1149041118318785,0.11490112610535497,0.9986729611954781,0.10622331620662105
5,24,0.7772611155311349,0.7976550621786113,0.8053329978601863,0.8625787547036089,0.7774371201861486,0.7932737617779442,0.8014542609903921,0.8597267243302616,-56.48233309112612,-51.31081716864949,-49.3638391111223,-34.84740694978689,-56.5845461324391,-52.55822701991076,-50.47841103505158,-35.66317817652839,0.6892067795456782,0.5547128045472514,2,0.1,0.1,1.0,0.25,0.244,1.0245901639344261,0.483,0.33699999999999997,1.4332344213649852,0.005574358519958356,12537.745828182224,0.34870018717323625,5.030952656931662,14.427731449516704,0.05343442749741967,0.4285051663491505,5.009876722191317,0.48643515528755754,0.8651654928977555,2.1671671671671673,23.246970599856457,1.566566566566567,0.6452905811623246,0.8339005028558223,0.9188350589216261,0.6043058271500035,0.12367194956006018,-0.5745721492232958,0.9,0.9,0.09090909090909091,0.9090909090909091,0.11543800945662822,0.11543733410341897,0.9986239717432229,0.10754449508689047
5,24,0.7365696264027407,0.757397700745429,0.8292340913409818,0.8892481554063256,0.736347542180493,0.7569382188017987,0.8268187926387697,0.8855626904285979,-66.80297953310111,-61.52121416554445,-43.304313566134994,-28.08542199069106,-67.00543964938834,-61.772462300724754,-44.01280016207977,-29.083446835812595,0.7243603615296792,0.5677684641502472,1,0.1,0.101,0.9900990099009901,0.25,0.24300000000000002,1.02880658436214,0.497,0.33499999999999996,1.483582089552239,-0.00042451320765501954,12343.020428341999,0.25946177505723905,6.194477047661048,23.874333883264704,0.008036613082450295,0.4384677362748076,3.4229906495684066,0.46246579743026217,0.8666442029151697,2.1471471471471477,21.199534575360687,1.586586586586587,0.6292585170340681,0.876481834048292,0.9157160300962279,0.6052054153043795,0.12679609453845686,-0.5505005781010218,0.9,0.9,0.09090909090909091,0.9090909090909091,0.1135764979340771,0.1135758250260305,0.9986512592205651,0.10384746248877032
5,24,0.720724704057148,0.767033810935134,0.8128893815051678,0.8697271865446399,0.7282838982579195,0.7696743307601871,0.813559910212077,0.8680555852248093,-70.82438236571312,-59.08036511754122,-47.451364948780935,-33.03726353908385,-69.05902731445008,-58.53928634067353,-47.38538191378262,-33.534828762552735,0.684070106684477,0.288428004922721,3,0.1,0.096,1.0416666666666667,0.25,0.23200000000000004,1.0775862068965516,0.49399999999999994,0.335,1.4746268656716415,-0.0036114341211785916,12298.382946757434,0.33287781248862885,4.913331903544792,14.760166401035312,0.060596687541913385,0.475969636887022,2.6347403214108898,0.5487268714280802,0.8808976921789577,2.1871871871871877,24.34368873543108,1.586586586586587,0.6462925851703407,0.8948501222009286,0.9193035190730952,0.6117858884546915,0.12511504550621705,-0.5547536842581416,0.9,0.9,0.09090909090909091,0.9090909090909091,0.11527293999661402,0.11527375950211696,0.9987835597066552,0.10504697822228355
5,24,0.7438951405039589,0.7790457253603786,0.8275270085008989,0.8761704145547986,0.7471493953325113,0.7728624575618819,0.8241855609523135,0.8718394538612572,-64.94475714132153,-56.03104030920932,-43.736837201714565,-31.401521897999913,-64.29590091710782,-57.75747676127423,-44.70682507432588,-32.5891954533995,0.8532496941447946,1.0619231319697748,2,0.1,0.099,1.0101010101010102,0.25,0.23800000000000004,1.0504201680672267,0.4959999999999999,0.346,1.4335260115606934,-5.908603192938955e-05,12317.00609361202,1.4083137063680728,5.075582340324156,3.6040140185908385,0.01633682133177916,0.42107701485337834,2.8395931841473665,0.4884172821005519,0.8586908411391573,2.2072072072072073,22.199661191199525,1.586586586586587,0.656312625250501,0.8524443670562719,0.9185335440409931,0.6124386806035872,0.12135636834539776,-0.5593471046806143,0.9,0.9,0.09090909090909091,0.9090909090909091,0.11906078676236917,0.1190586083776483,0.998693960911046,0.10852124641873334
5,24,0.7945686396744629,0.8279454798204956,0.8515970071883807,0.8762238299379378,0.7955854247189639,0.829961547589888,0.8504674484981991,0.8765167323215642,-52.112624062651406,-43.64578277720625,-37.64600186606904,-31.398813735826764,-51.991271750676674,-43.24796984346341,-38.032451991320556,-31.407017418912517,0.5802586754882012,0.16236391926383265,2,0.1,0.1,1.0,0.25,0.25,1.0,0.499,0.346,1.4421965317919077,-0.0016856637246867034,12649.320902294972,0.15727702913061892,4.717934555843872,29.997607291562055,0.024083303548573243,0.45246429700847757,1.5439354014307143,0.48196790160878955,0.8803042962970978,2.2072072072072073,23.246970599856457,1.626626626626627,0.6472945891783567,0.8591857692751236,0.9109781382446089,0.572886573466376,0.13349496132452668,-0.5635210920640827,0.9,0.9,0.09090909090909091,0.9090909090909091,0.12189662082436864,0.12189415832162187,0.9986941810952328,0.11150604191213286
5,24,0.7065072301825843,0.7735345176254719,0.8106844361790998,0.8659847385680695,0.7013700429467045,0.7703524023887639,0.807951564323786,0.8651289816027904,-74.41498547700056,-57.42024102476691,-48.000892632096765,-33.979520992485334,-75.90906274209178,-58.37436427227183,-48.816993770871335,-34.28300596037144,0.7347982541882585,0.40971633326735457,1,0.1,0.099,1.0101010101010102,0.25,0.24700000000000003,1.0121457489878543,0.5,0.32999999999999996,1.5151515151515154,-0.0008503337951395462,12343.000080475507,0.11379345980788348,4.42584892903108,38.89370212051907,0.05338189156137385,0.45546528998363667,3.2038861684766187,0.5000021502373297,0.8745093720095976,2.2472472472472473,24.34368873543108,1.606606606606607,0.6382765531062125,0.8837597640469461,0.9165540408028038,0.618798462930804,0.12729994145547568,-0.546734710630375,0.9,0.9,0.09090909090909091,0.9090909090909091,0.1192975007948835,0.11929829154858558,0.9987128462392163,0.10897901471138752
5,24,0.7664007956460795,0.7937509280405647,0.8211761690521829,0.8767622084837485,0.760156688225421,0.7847756952122115,0.8159011478375731,0.8749713018820201,-59.253685847052054,-52.31617868704146,-45.35961982513689,-31.259924036063637,-61.01219990442121,-54.74952881047744,-46.83172479233164,-31.80524762989134,0.6207686308780854,0.18238215051561957,1,0.1,0.101,0.9900990099009901,0.25,0.24099999999999996,1.037344398340249,0.5010000000000001,0.357,1.4033613445378155,-0.0012762365019749478,12567.683620205791,0.26931323438285354,6.115235199494989,22.706775675203616,0.028630446951121602,0.4056806921455238,2.2784000803093467,0.44678678866423227,0.8745264895083327,2.1671671671671673,21.199534575360687,1.606606606606607,0.6633266533066132,0.8627121926559549,0.9123383494394425,0.6087155654052714,0.12855706296894656,-0.5639278517403464,0.9,0.9,0.09090909090909091,0.9090909090909091,0.11115552881928906,0.1111569134327078,0.9986112420372432,0.10195983809731723
5,24,0.7654113364748868,0.8092229371031575,0.8355623089929518,0.8750500669994691,0.7598300885420189,0.8098795590130164,0.8329323129687831,0.8727467088825893,-59.48382610401609,-48.37467191919902,-41.69588960449519,-31.683117055297856,-61.01644142933952,-48.30110766823532,-42.44443310401496,-32.329374387576564,0.8172534517722654,0.5140636586139498,1,0.1,0.1,1.0,0.25,0.238,1.050420168067227,0.48200000000000004,0.319,1.510971786833856,0.0015792867582663517,12469.748050559223,0.029412510425064597,5.514839077575251,187.4997746834845,0.03403658767830264,0.4702597123207287,3.570025014817283,0.5278053070278332,0.8749328268893716,2.2472472472472473,21.199534575360687,1.646646646646647,0.6312625250501002,0.8586234252212943,0.9186245037139654,0.6101871838534397,0.12451731220111104,-0.5419531028084429,0.9,0.9,0.09090909090909091,0.9090909090909091,0.1127318094677239,0.1127316948118352,0.9987836660109247,0.10395725821501758
5,24,0.7919005279711387,0.7978489055509047,0.8370680909874234,0.8800227031451936,0.7921581905476128,0.7965308929233417,0.8341051339293164,0.8772502904946983,-52.779098807354444,-51.270445253527186,-41.323503807126514,-30.42916708823219,-52.847761347598635,-51.735918007678464,-42.18194748205235,-31.211464962295338,0.5330401193319233,-0.04102582242548092,1,0.1,0.10200000000000001,0.9803921568627451,0.25,0.24699999999999997,1.0121457489878545,0.47000000000000003,0.318,1.477987421383648,0.0010145263576001318,12535.731675719013,0.7988230109170424,3.940580494627229,4.932983202503737,0.028296679591671814,0.4508842095729352,2.6708599595752234,0.4971066214968519,0.8740595690104302,2.1271271271271273,22.199661191199525,1.606606606606607,0.62625250501002,0.8625210754616363,0.9159853898314655,0.580774440455693,0.1286476916847482,-0.5715586537567434,0.9,0.9,0.09090909090909091,0.9090909090909091,0.11556507749986218,0.11556411175927495,0.9985650346271944,0.10629607027447309
5,24,0.7238534680992715,0.7525627260155822,0.7991595478134443,0.873992985870045,0.7205304492204995,0.7423507934767741,0.7933772566550252,0.8717039686522987,-70.03418234055249,-62.753158784205056,-50.93562737499346,-31.956940190500944,-71.06666522371782,-65.51794230917591,-52.542358507203005,-32.624559934661335,0.6306446692423073,0.4129610515439728,1,0.1,0.101,0.9900990099009901,0.25,0.23700000000000002,1.0548523206751055,0.48900000000000005,0.34,1.438235294117647,-0.0005537686133392228,12456.12140388011,1.393256941189079,3.64452903632932,2.6158341139997385,0.05865668349818631,0.4546561646431537,2.092999227158154,0.5258555054407786,0.8828865207229751,2.1671671671671673,23.246970599856457,1.586586586586587,0.6523046092184369,0.8697136760977664,0.9121367847314121,0.5646325038311525,0.13556608047344906,-0.5603736027592446,0.9,0.9,0.09090909090909091,0.9090909090909091,0.1159331697260772,0.11593432800016339,0.9986215355718077,0.10595822758939377
5,24,0.8020470634604951,0.818166553456447,0.8380432305370273,0.8959862041725206,0.8075485817039678,0.8159211580550433,0.8354322726277486,0.8918600386420665,-50.20960063683327,-46.12098659899783,-41.079384106760614,-26.382488891123955,-48.93636368051952,-46.80739292578647,-41.84612526147913,-27.497726565303594,0.7897520050444466,0.7437089235184913,2,0.1,0.1,1.0,0.25,0.24299999999999997,1.0288065843621401,0.465,0.358,1.298882681564246,0.004567205287212994,12270.662794453458,0.10603801906527513,6.805419418370311,64.17905085704228,0.02863103745852391,0.39347830052741384,2.5216450661254504,0.44299694586014926,0.8886686457456283,2.2272272272272273,22.199661191199525,1.586586586586587,0.6613226452905812,0.8146656103506141,0.9110272595348758,0.5572489247097269,0.13188830603222362,-0.5661997685440139,0.9,0.9,0.09090909090909091,0.9090909090909091,0.11620629387122636,0.11620458244388532,0.9985870537850529,0.10575171477847779
5,24,0.8069425973702399,0.8153889148323602,0.8418408592182872,0.8835939763608547,0.7956564063294269,0.8062902908042424,0.8403112061786014,0.882223765057765,-48.976652265896234,-46.83390949802131,-40.123326716428124,-29.53099577519785,-51.988503869761416,-49.28306185301395,-40.62755932992508,-29.96428777665207,0.6506897769012764,0.08054645175309183,1,0.1,0.1,1.0,0.25,0.23900000000000002,1.0460251046025104,0.513,0.35100000000000003,1.4615384615384615,0.009366651255580782,12434.748729906009,0.19262120778642863,7.6593016141833585,39.76354266595459,0.044708461249936104,0.4287450053358268,3.337189961257948,0.4768767133123579,0.8690433811894595,2.1871871871871877,23.246970599856457,1.626626626626627,0.6412825651302605,0.8440624938836253,0.9099901063585323,0.5527912380348884,0.13642932608818487,-0.5670147080128932,0.9,0.9,0.09090909090909091,0.9090909090909091,0.11636343358344785,0.1163614085494697,0.9986255199962148,0.10810479402522714
5,24,0.7476067024008511,0.7886884571562338,0.8378041985026661,0.8731238360710765,0.7450579849339509,0.7855762946384995,0.8369867742887932,0.8736742031831033,-64.0117016847569,-53.59259366920091,-41.13591509255036,-32.17818869827212,-64.8177347966107,-54.51615679992011,-41.44529896239982,-32.11770329000811,0.7281376276963591,0.49787166679990946,2,0.1,0.1,1.0,0.25,0.23700000000000002,1.0548523206751055,0.49400000000000005,0.34700000000000003,1.4236311239193085,0.009041036364882071,12410.188920507702,0.21834282033998795,9.391410636740614,43.01222555482693,0.023476147911714373,0.4557437265071054,3.0007272409183328,0.48359893486581806,0.8546919701293303,2.1871871871871877,19.33242287555043,1.626626626626627,0.6092184368737475,0.8604002632929947,0.9174049467551156,0.6002707347859558,0.12550025671326642,-0.5547096661091231,0.9,0.9,0.09090909090909091,0.9090909090909091,0.11709655674480383,0.11709427026388224,0.9986684998463682,0.10676062304911094
5,24,0.6925080787070131,0.7628605210284073,0.8134830927848975,0.8874327490894044,0.6819049928837312,0.7571785468287526,0.808267074201513,0.8858735502559821,-78.00551223623569,-60.158284649656025,-47.31619233069051,-28.55641225103676,-80.93839925438527,-61.78525058433482,-48.78591537533026,-29.03916109406427,0.6445738187848763,0.10153867517272985,1,0.1,0.101,0.9900990099009901,0.25,0.238,1.050420168067227,0.491,0.357,1.3753501400560224,0.006744400432995512,12429.433129336954,0.20945530803322968,5.306240381036946,25.333520696430003,0.049164521108751136,0.4257047551000783,3.3881744126759217,0.48054310931761723,0.8526889427968901,2.2272272272272273,22.199661191199525,1.586586586586587,0.6352705410821643,0.8603207272538406,0.9146940201397308,0.5569532776003258,0.12912169194893397,-0.5684506529734902,0.9,0.9,0.09090909090909091,0.9090909090909091,0.11951271456969191,0.119513272466931,0.9986211135823824,0.10877119677022501
5,24,0.7316835847874084,0.7907773671766816,0.8390575226737478,0.8825442795268106,0.7218582454571807,0.7824159969350633,0.8291440103325336,0.8791812587375801,-68.05496229171555,-53.06659443881907,-40.820962134930085,-29.791112934390725,-70.7508687758255,-55.34680427205055,-43.460607791146145,-30.73264178824303,0.9240023612042455,1.3279088123098566,3,0.1,0.101,0.9900990099009901,0.25,0.24299999999999997,1.0288065843621401,0.488,0.331,1.4743202416918428,0.005476364392956068,12432.923703636743,0.17423859472701955,6.808541041545938,39.075963922992564,0.04294952754595249,0.4464843286592718,4.077217827069774,0.5363402017315649,0.8644952618588537,2.2072072072072073,21.199534575360687,1.586586586586587,0.6202404809619239,0.8554826391187706,0.9114796677429112,0.5891868776992149,0.1300829310627181,-0.5677567172105695,0.9,0.9,0.09090909090909091,0.9090909090909091,0.11702019186139492,0.11702079052997649,0.9987489674469349,0.1068464389884578
5,24,0.7375384012754735,0.791881114738813,0.837345997912358,0.881463379184536,0.7339280247541055,0.78711668002683,0.8342101346838913,0.8802322480325747,-66.57751055480728,-52.79262698797464,-41.259744638443664,-30.068677329653354,-67.68644498739806,-54.15570396988275,-42.1755300903682,-30.467896317586934,0.7498773152881862,0.43520461821755463,1,0.1,0.099,1.0101010101010102,0.25,0.238,1.050420168067227,0.511,0.34199999999999997,1.4941520467836258,0.00028299221154404197,12588.717632634474,0.16930154237011502,6.391814066489411,37.7540214755757,0.06345490683886634,0.4530181211467912,2.3680817651675192,0.5032798425464616,0.8730051913934599,2.2072072072072073,23.246970599856457,1.586586586586587,0.6733466933867736,0.868424088660344,0.9130261124081221,0.5717502533821799,0.13221412132582583,-0.5464586280890116,0.9,0.9,0.09090909090909091,0.9090909090909091,0.11435428296035179,0.11435262152044927,0.9987052874642192,0.10472023138904075
5,24,0.7353086787474306,0.7735962792564719,0.826134053380995,0.8836601123019112,0.7240202849714263,0.7612018408809087,0.8210712735453034,0.8803138000572334,-67.14246332276116,-57.430305777399695,-44.10340274362272,-29.511155128843313,-70.22910590490488,-60.76744156698126,-45.5323481956477,-30.456784877344774,0.6705966124679831,0.6014923496132765,2,0.1,0.1,1.0,0.25,0.24900000000000003,1.004016064257028,0.508,0.362,1.4033149171270718,-0.0035968049297259164,12567.526117984493,0.1594345872790659,3.4060563310206247,21.36334649305952,-0.003057547989959719,0.44776410611928064,8.18559906539788,0.49574836073109596,0.8680978391915135,2.2272272272272273,24.34368873543108,1.646646646646647,0.6352705410821643,0.8962398138147758,0.9161621950650981,0.5862851284851525,0.13098470242893825,-0.5857183697016325,0.9,0.9,0.09090909090909091,0.9090909090909091,0.1128635118607772,0.1128627469364919,0.9985929903766266,0.10521010604564275
5,24,0.7581982520248159,0.8233151030790837,0.8395953267349655,0.8786902044542445,0.7331675459221088,0.8223220363860824,0.83653043181474,0.8765811390192353,-61.322910407002524,-44.80874185104648,-40.67994334145894,-30.765161071158275,-67.79660566142161,-45.14429429315538,-41.53423499475741,-31.358178966686694,0.6398685465930213,0.11412110564532307,2,0.1,0.10200000000000001,0.9803921568627451,0.25,0.24499999999999997,1.0204081632653064,0.5369999999999999,0.32499999999999996,1.6523076923076923,-0.001993638236435391,12469.760600146665,0.03390890647972476,4.75361416073862,140.18777525547634,0.060500760618228955,0.44590083629970334,3.1528584680593306,0.4766303086875323,0.8612966143257507,2.2072072072072073,23.246970599856457,1.586586586586587,0.657314629258517,0.8568176400975609,0.9180072238951106,0.5799097336412753,0.1269270186204835,-0.5769657394029543,0.9,0.9,0.09090909090909091,0.9090909090909091,0.11510286225490654,0.11509628880679734,0.998658752976828,0.10483639656309672
5,24,0.7347630095830788,0.7857103278231276,0.8423563029084477,0.8778399996433188,0.740211996191653,0.7852093044618685,0.8390238923777762,0.8760164987728312,-67.26428725542573,-54.34401152915734,-39.97855242025477,-30.979861980029824,-66.0385955610833,-54.600195794224334,-40.920427080628315,-31.516837474252185,0.7822842213538747,0.613369053628416,2,0.1,0.10200000000000001,0.9803921568627451,0.25,0.23800000000000004,1.0504201680672267,0.5219999999999999,0.325,1.6061538461538458,-0.001756727768682076,12457.356015631174,0.35234585486269887,4.794641229893034,13.607769649401426,0.06844472882261665,0.4725488941164534,5.082456752985142,0.540186478139947,0.8729537719244014,2.1671671671671673,21.199534575360687,1.586586586586587,0.6192384769539078,0.8599711032876476,0.9165433718075366,0.5678681430119659,0.12800568177469696,-0.5712653279933678,0.9,0.9,0.09090909090909091,0.9090909090909091,0.116503231544072,0.11650218864714042,0.9987479528649256,0.10595475198818956
5,24,0.7318825167654818,0.8074842246685989,0.8337203324007321,0.8833063119486217,0.7420642390604756,0.8106965009754956,0.8285403689960955,0.881495628735925,-68.00958885484425,-48.832767525674484,-42.17782328821471,-29.60004566128177,-65.61446059637512,-48.15558312758159,-43.61640728449606,-30.145491925906015,0.7644867020888767,0.7514983526343837,2,0.1,0.101,0.9900990099009901,0.25,0.253,0.9881422924901185,0.496,0.358,1.3854748603351956,0.0003319968559737374,12491.223822645297,0.4641374913108573,4.662903890068302,10.046384912580375,0.02652929756000777,0.4748425103642996,4.637251385784595,0.508420634135927,0.8685616373177965,2.1871871871871877,23.246970599856457,1.606606606606607,0.6362725450901804,0.8573040039143789,0.9108162328179105,0.5616430590065041,0.13576961645624178,-0.5810423615026292,0.9,0.9,0.09090909090909091,0.9090909090909091,0.11375186794151901,0.11375303138137194,0.998688473662775,0.10443625493268228
5,24,0.7044181474628608,0.7966813225946555,0.8261775936159531,0.8757573501699288,0.6960347075721924,0.7956503424584118,0.8254619283434756,0.8743380299580646,-74.95394340191814,-51.55775467263581,-44.078060605760754,-31.505576081662156,-77.25527492885223,-51.93714337876804,-44.36028404321516,-31.938021496308153,0.6025603238783004,0.0883770046402459,1,0.1,0.099,1.0101010101010102,0.25,0.236,1.0593220338983051,0.48100000000000004,0.314,1.531847133757962,0.001353491741228563,12409.698828199505,0.33095856765871695,4.083784666711191,12.339262571749984,0.047050923597697136,0.43784001991749566,3.482594375123897,0.4689265920716742,0.8757923896535049,2.2072072072072073,22.199661191199525,1.606606606606607,0.656312625250501,0.8866193483063103,0.917923211332456,0.5928406457218028,0.12644897265493082,-0.5635367321737069,0.9,0.9,0.09090909090909091,0.9090909090909091,0.12054544872947452,0.1205462550343038,0.9986140580587167,0.11089572202902966
5,24,0.742342875825393,0.7970751574788711,0.8310341805663931,0.8795637475015562,0.724381401581793,0.7889340467940938,0.8289760235979734,0.8793976251129803,-65.36967969168231,-51.48366069669342,-42.86798407224504,-30.555643568212048,-70.11905006999632,-53.696463975410666,-43.50954120413738,-30.68197869010271,0.6045433470141474,0.058871818876576665,1,0.1,0.10200000000000001,0.9803921568627451,0.25,0.253,0.9881422924901185,0.507,0.335,1.5134328358208955,-0.0005113572356842955,12578.751147373896,1.0475680031053702,4.349143275522139,4.151657231444361,0.06835710657041938,0.443568452841118,4.1933702017727565,0.4851496892864926,0.8678098992365312,2.2072072072072073,26.694784940343236,1.606606606606607,0.655310621242485,0.864350754155887,0.914151794807433,0.5766840612334078,0.12919254712493758,-0.5750680883823713,0.9,0.9,0.09090909090909091,0.9090909090909091,0.11356176368630384,0.11356271417766473,0.9986338939394649,0.10479066563864915
5,24,0.7511431177064126,0.7969447852368682,0.8234962129314642,0.8860467378199122,0.7373866322706144,0.7998599480742067,0.8222723285980869,0.8856469196497049,-63.13993940144417,-51.519145611436215,-44.78252044677296,-28.91220850448238,-66.85364668185807,-50.94977622054432,-45.24424271401378,-29.110934058004972,0.6308045161634134,0.30683706119978327,2,0.1,0.10200000000000001,0.9803921568627451,0.25,0.24000000000000005,1.0416666666666665,0.5109999999999999,0.37500000000000006,1.3626666666666662,-0.0036360749007973148,12518.234119013394,0.2569073357206786,4.973367248248691,19.35860349918526,0.042855292759982455,0.41446501921737056,3.0375297520871913,0.45986275326045767,0.8733199465373007,2.2072072072072073,25.492146544514203,1.626626626626627,0.6402805611222445,0.8956412082503631,0.9202356179855019,0.6286430024353842,0.12387178053169574,-0.5855707445105678,0.9,0.9,0.09090909090909091,0.9090909090909091,0.12134993480097933,0.12135147454460218,0.9986325506966381,0.11032604953178268
5,24,0.7967591224524814,0.8113347555217829,0.8319855452246381,0.8811719456486133,0.7817205187139645,0.8102327999508647,0.8288127441874548,0.8787742395552028,-51.55702543909763,-47.859559191102164,-42.620980697961045,-30.14364578129974,-55.530503445261076,-48.27695252911627,-43.55019740140591,-30.839946422691412,0.5796465262937978,-0.04041048319061602,1,0.1,0.098,1.0204081632653061,0.25,0.253,0.9881422924901185,0.47700000000000004,0.33799999999999997,1.411242603550296,-0.0016026581269510398,12537.00886061556,0.2878512055040239,4.803275879245575,16.686662370703292,0.05917267176824359,0.45007126200227066,2.6975270050128315,0.5064615160961754,0.8599265371873952,2.1671671671671673,25.492146544514203,1.606606606606607,0.6332665330661322,0.8342089130551122,0.9172325801575089,0.5223471674880703,0.12778293537673802,-0.5657718457378584,0.9,0.9,0.09090909090909091,0.9090909090909091,0.12119459823077208,0.12119333219387998,0.998689195873986,0.11018855439143932
5,24,0.782046315026988,0.807513742292765,0.8464251886864562,0.8785064187246681,0.7848106865570463,0.8003415359821769,0.8445061432062126,0.8763998223185288,-55.28394842163783,-48.82413593639646,-38.954248232013214,-30.81684478799795,-54.73535358207323,-50.78494117026068,-39.55127276199272,-31.438826212881963,0.5665472043867115,-0.06116002746643989,1,0.1,0.1,1.0,0.25,0.238,1.050420168067227,0.5,0.345,1.4492753623188408,-0.005723480490257504,12506.605894048329,0.5134813663531036,3.753020496956314,7.3089711582162655,-0.004286790179623967,0.43852452635672257,3.338327101678364,0.4793070259133587,0.8649711578465303,2.1871871871871877,20.244465099768018,1.586586586586587,0.6302605210420842,0.8593476749192698,0.9104825492909688,0.593774011191196,0.1316286698150759,-0.5698502853702397,0.9,0.9,0.09090909090909091,0.9090909090909091,0.11618690125445395,0.11618643884820004,0.9985702126947826,0.10562477458742438
5,24,0.762191785699,0.8023404826061363,0.8168229720549592,0.8727220641897745,0.7575859082325442,0.803493692475121,0.8164865071713319,0.8711992108513202,-60.30101202830622,-50.12050980203023,-46.44818597999472,-32.27385715329399,-61.57912149477784,-49.91741898062884,-46.61692556086257,-32.718557678644885,0.7938892268383682,0.9540377564863052,2,0.1,0.101,0.9900990099009901,0.25,0.24500000000000002,1.020408163265306,0.485,0.33699999999999997,1.4391691394658754,-0.0023204414184072597,12458.309037097495,0.059955348418483045,4.1005481694516694,68.39336735782445,0.05238091502466247,0.4710584873058111,2.508457972467497,0.5316415845928393,0.8545971334999586,2.1671671671671673,25.492146544514203,1.586586586586587,0.6352705410821643,0.8941216895673465,0.9145127769869763,0.5822456894925081,0.13045339110545806,-0.5548877783008686,0.9,0.9,0.09090909090909091,0.9090909090909091,0.11448058973305121,0.11448253230465437,0.9986629790374041,0.10409848359286983
5,24,0.7662541794611964,0.7772498393510828,0.8039801158155401,0.8832537619687569,0.7484045429599997,0.7764366565552687,0.8010936645772627,0.880777056895196,-59.28921342566562,-56.50018376744643,-49.72009648043047,-29.612476523955053,-63.96995467466587,-56.84258815850757,-50.5733665114368,-30.31329085318913,0.787054595711476,0.6597305475664568,2,0.1,0.1,1.0,0.25,0.251,0.9960159362549801,0.466,0.364,1.2802197802197803,-0.0031384253529471717,12559.71888182109,0.00204582016352198,3.9849004981398477,1947.8254096780654,0.009161217836010982,0.43239560827568047,1.8223905444220987,0.48544801476158417,0.8798971444254925,2.1871871871871877,20.244465099768018,1.586586586586587,0.656312625250501,0.8580631536877017,0.915913326137102,0.5953993792996659,0.12516419461567602,-0.5673717014983765,0.9,0.9,0.09090909090909091,0.9090909090909091,0.1132170505909922,0.11322089547454357,0.9986919627969149,0.10294603940728493
5,24,0.7320826105833522,0.8055544924265245,0.8420598620587864,0.8781409172019097,0.7305744973317976,0.7982734988106371,0.8410860336646068,0.875240635811893,-67.95968158440948,-49.322870788584794,-40.06295189443807,-30.910664228097374,-68.53340197965304,-51.31289821878909,-40.422731431095144,-31.734871316762536,0.6213495031260245,0.029283808115391885,1,0.1,0.1,1.0,0.25,0.242,1.0330578512396695,0.5319999999999998,0.36,1.4777777777777772,-0.004178410365208274,12630.239493057437,0.8499767714354063,3.658672980402914,4.304438783926172,0.030394887939692583,0.43678523824343163,4.042188228057096,0.48353740043452365,0.8777817117587836,2.1671671671671673,20.244465099768018,1.626626626626627,0.6533066132264529,0.8766569988860506,0.9177941318916839,0.5919754211836992,0.1280332205659283,-0.5685440653624747,0.9,0.9,0.09090909090909091,0.9090909090909091,0.11419841247312544,0.1141942559247775,0.9987208182304783,0.10390868658510412
5,24,0.7357438526806936,0.7736570625352831,0.826632498497399,0.8760939552946473,0.7330244303213778,0.7703885204544954,0.8247206939951468,0.876016219506951,-67.02752389824758,-57.410988557947064,-43.973979292538075,-31.42827690812473,-67.89902349207819,-58.396336647875074,-44.57821264479418,-31.53238940352486,0.6432191219082537,0.21054139842829445,2,0.1,0.1,1.0,0.25,0.24500000000000002,1.020408163265306,0.516,0.3509999999999999,1.4700854700854704,-0.0027861462783700386,12401.475403839208,0.7446424133331684,3.5487765124338555,4.765745878681315,0.01784426239595538,0.47795113151184176,2.976909500683003,0.5107532010139366,0.8826484280640926,2.1871871871871877,23.246970599856457,1.626626626626627,0.6482965931863728,0.8920971336674325,0.9176196794553065,0.6352574539716362,0.1245029863927454,-0.5891234555729538,0.9,0.9,0.09090909090909091,0.9090909090909091,0.1140422613265233,0.11404171433568293,0.998603505994578,0.10454213809061756
5,24,0.7568945475898521,0.7800898929946537,0.820883830013818,0.8802941653774699,0.7356897889944577,0.7793827231263891,0.8188828938927263,0.8789450031988733,-61.648865012662554,-55.76678090633746,-45.42188780872573,-30.356081143840356,-67.19580818569119,-56.08771663739404,-46.045554860824666,-30.775914082250125,0.7989563361349874,0.815997670164271,1,0.1,0.1,1.0,0.25,0.24900000000000003,1.004016064257028,0.527,0.32599999999999996,1.6165644171779143,-0.0011671551198770835,12431.254682375298,0.8951594669681512,6.744949805514374,7.534914229706016,0.044314366933117966,0.42236218488221033,4.998766094280202,0.4603082650631738,0.8742662358930029,2.2072072072072073,23.246970599856457,1.586586586586587,0.6412825651302605,0.8606752586103195,0.9154039902707491,0.5921785407081415,0.12773990573472457,-0.5437663578534898,0.9,0.9,0.09090909090909091,0.9090909090909091,0.11694116019647102,0.11694235056956363,0.9986898884400183,0.10798077927907211
5,24,0.7240738922202311,0.7865631059414294,0.8129357708246229,0.8657639360414306,0.7222480900446241,0.7849584598592481,0.811443773163073,0.8644815843757895,-69.97135815570797,-54.12488683286949,-47.43711380946553,-34.04056174399548,-70.5765131135521,-54.641863957445196,-47.91196941953092,-34.43510879535097,0.749295130129813,0.3692052841077942,1,0.1,0.1,1.0,0.25,0.23399999999999999,1.0683760683760684,0.489,0.327,1.4954128440366972,-0.00047862996235981115,12431.18150633025,0.033448384887958475,6.238181299078421,186.50171958898338,0.03781629808010689,0.4723079714570315,2.5855693127397,0.5283962737326708,0.8540212868626701,2.1871871871871877,23.246970599856457,1.606606606606607,0.6402805611222445,0.8837469853324229,0.9212667649349601,0.5987084949430123,0.12111800601037111,-0.5566893439187505,0.9,0.9,0.09090909090909091,0.9090909090909091,0.11467672206860385,0.11467724210446753,0.9987107910075966,0.1048158604808866
5,24,0.7363092611457094,0.7867946954166292,0.8189939852768794,0.8752178031616924,0.739549431058407,0.7865441770735228,0.8149504676185351,0.872086788092053,-66.87964918150979,-54.075073080408885,-45.908395634307,-31.64839836584318,-66.25591046563858,-54.300936832882996,-47.074672553025266,-32.53978806798361,0.7454322356684034,0.8819902784058078,2,0.1,0.1,1.0,0.25,0.24900000000000003,1.004016064257028,0.526,0.366,1.4371584699453552,-0.006507018820991917,12586.62276324581,0.180923720757293,2.8805655652007665,15.92143668692847,0.05380715207411857,0.4361817502473183,2.289825351668849,0.46767446663755186,0.8624239364923346,2.2072072072072073,20.244465099768018,1.606606606606607,0.6352705410821643,0.8657800439786293,0.912988275845838,0.5874291514897758,0.1252364978142892,-0.5598508469318012,0.9,0.9,0.09090909090909091,0.9090909090909091,0.11422674700487472,0.11422719109718807,0.998698849679294,0.1040044491801435
5,24,0.805921560043694,0.8200325399635463,0.8318616628783276,0.875516981753554,0.7919745599015051,0.8174643855457063,0.8285119380175217,0.8727678644506367,-49.22850653900832,-45.64921938370833,-42.648731256886265,-31.575444851681198,-52.894330075567126,-46.413068694484764,-43.60402338399453,-32.351132490242065,0.631030697531897,0.18728748380104188,2,0.1,0.1,1.0,0.25,0.25,1.0,0.519,0.332,1.5632530120481927,0.0006619147330414465,12535.625369644538,0.4848375202129272,5.927500941404215,12.22574717154939,0.027588693314408497,0.48749157110660934,3.1944654542206004,0.5319562135226857,0.8766967133787602,2.1871871871871877,23.246970599856457,1.626626626626627,0.6643286573146293,0.8512259227598639,0.9141760833479687,0.5748254502357422,0.13068356661654604,-0.5518860476094728,0.9,0.9,0.09090909090909091,0.9090909090909091,0.1187389782122611,0.11874148632042683,0.9987311590479037,0.10808844138987941
5,24,0.7039599558995753,0.7927798604276675,0.8221356240278364,0.8792493100616973,0.6982630297386273,0.7874810748219485,0.819700612547172,0.8760024143912009,-75.09136661653756,-52.5619549822712,-45.115785280780045,-30.628742658479894,-76.7894403283685,-54.084222127215156,-45.88462939114601,-31.55630943308236,0.6240558279374394,0.2759383606306858,1,0.1,0.099,1.0101010101010102,0.25,0.24299999999999997,1.0288065843621401,0.49800000000000005,0.351,1.418803418803419,0.01323155626307615,12455.735190275745,0.23511268705435073,6.8231764914273665,29.02087750734634,0.0337271018041424,0.4484682441896821,4.3642301406388535,0.48028962832112576,0.874141978142002,2.2272272272272273,21.199534575360687,1.606606606606607,0.6603206412825652,0.8424795133935679,0.9161214225166409,0.6085254029892956,0.12268052860831828,-0.5641300091501905,0.9,0.9,0.09090909090909091,0.9090909090909091,0.1127608646982713,0.11276202043349899,0.9986688765311964,0.10926506856200696
5,24,0.7173736825897453,0.7998688780824434,0.8236434218052915,0.8717312127241442,0.7286208913111709,0.7975708919821162,0.8237148149643896,0.8678725359171399,-71.67594406477045,-50.75460499087288,-44.72522003600079,-32.529831284942446,-69.01853044052888,-51.4828117067824,-44.83375477345791,-33.60333610753048,0.7199326802277274,0.45853191389436265,1,0.1,0.101,0.9900990099009901,0.25,0.24,1.0416666666666667,0.508,0.35700000000000004,1.4229691876750699,0.008981159526181504,12568.31509608797,0.2314855807525457,6.297446490846681,27.2044870802495,0.05268244753109441,0.4521590388682247,2.1529055944863296,0.5066512922503477,0.8644793340123099,2.2072072072072073,22.199661191199525,1.586586586586587,0.6462925851703407,0.8852280658204544,0.9179244724916129,0.6197866231330789,0.12500022090036406,-0.5429257660842555,0.9,0.9,0.09090909090909091,0.9090909090909091,0.11752450403635907,0.11752463890525588,0.998693738490093,0.10786723455762294
5,24,0.7901212413368562,0.822294403259829,0.8460916295864953,0.8816347257948569,0.7915856449357284,0.8160400700527335,0.8421116172488904,0.881040405506884,-53.24918021138362,-45.086398479116525,-39.048708904091114,-30.030927651118844,-53.04655431031381,-46.8223045953809,-40.18645773220132,-30.278128337493627,0.6832693539689872,0.2534795751897434,1,0.1,0.10200000000000001,0.9803921568627451,0.25,0.24299999999999997,1.0288065843621401,0.489,0.354,1.38135593220339,-0.0007757806435306769,12518.35278704091,0.30532533526065114,6.551048555925252,21.455961230117808,0.04585575032888345,0.4286423424379435,2.5272748868167576,0.4627030580399841,0.8650108406260797,2.1671671671671673,23.246970599856457,1.606606606606607,0.6462925851703407,0.8464096677992229,0.9154308328365738,0.5866180507937132,0.12729137143020156,-0.5621401423072292,0.9,0.9,0.09090909090909091,0.9090909090909091,0.11836349426943259,0.11836039519176486,0.9985956253138754,0.10871416994518529
5,24,0.7881583881604166,0.8278467239057198,0.8456565899145209,0.8809092138230553,0.7765543634130685,0.8252702716163128,0.8403658455236893,0.8783828445357744,-53.726897591126004,-43.661211573948066,-39.14430463174108,-30.203596061290114,-56.79268810176356,-44.4106724023672,-40.5738634418789,-30.911166060816328,0.807316307384801,0.6504466296642124,1,0.1,0.10400000000000001,0.9615384615384615,0.25,0.23399999999999999,1.0683760683760684,0.48,0.33599999999999997,1.4285714285714286,0.006311302340651137,12500.854620356258,0.260990688768038,6.243738230626298,23.923222165889516,0.033962358140072646,0.4401361138953722,4.035276882445965,0.47883997251285326,0.867216696949398,2.2272272272272273,23.246970599856457,1.606606606606607,0.6372745490981964,0.8334707417078171,0.913525422861017,0.5454443573615739,0.13220008718951193,-0.554946921166006,0.9,0.9,0.09090909090909091,0.9090909090909091,0.1126702357351165,0.11267276941512053,0.9987103034751728,0.10425212030852724
5,24,0.7880748137646645,0.8270061769744325,0.8387207688950357,0.8769913863203226,0.7795862047814115,0.8289263511956299,0.8357519399730626,0.8725151274682336,-53.74575167027342,-43.87247791538391,-40.90157313776976,-31.195869266765897,-56.050955802285046,-43.50381752902513,-41.76807873595618,-32.41924557694543,0.8006685601338557,0.8036502491224975,3,0.1,0.101,0.9900990099009901,0.25,0.244,1.0245901639344261,0.516,0.33999999999999997,1.5176470588235296,0.00031564557597840714,12541.919582623075,0.2920351850816759,6.321055091419037,21.644840807970365,0.04099272087424177,0.43733971476062494,2.665888300500824,0.5188983984705426,0.8613303303824471,2.2272272272272273,21.199534575360687,1.626626626626627,0.6342685370741483,0.8370504640306553,0.9126447525559807,0.5825204529025749,0.13018968206568227,-0.554585069634408,0.9,0.9,0.09090909090909091,0.9090909090909091,0.1176105483032166,0.11761390740156748,0.998725697887274,0.10895985936491998
5,24,0.7432174693730197,0.769622576639838,0.8176615945162773,0.8838198055835111,0.7312185914297222,0.7703716966557388,0.8172051849751164,0.8817583254282153,-65.13348358301448,-58.435766972496964,-46.250558833301085,-29.469375378539524,-68.36959574723537,-58.41026860928045,-46.497291886444714,-30.076989081762832,0.7737356438825054,0.5295695684254449,2,0.1,0.101,0.9900990099009901,0.25,0.25,1.0,0.533,0.354,1.5056497175141244,-0.0045547204861611235,12425.581479977684,0.059138385931672595,4.5052241834991875,76.1810474283901,0.03175804480493172,0.46228777408444865,2.466197567345538,0.5089600195541704,0.8607630860810558,2.1871871871871877,21.199534575360687,1.606606606606607,0.627254509018036,0.8701899957135857,0.9114635569340367,0.5931954401301709,0.13113203596592254,-0.5566392288107075,0.9,0.9,0.09090909090909091,0.9090909090909091,0.11353582354083849,0.11353764721815622,0.9986615826916821,0.1054710146736168
5,24,0.7631829446247427,0.7885576874729886,0.8303597974205642,0.8921732705634168,0.7681222426418054,0.7844147677547167,0.827298611854818,0.8902131973733726,-60.06999842791976,-53.63355000325848,-43.03020610619154,-27.35086566075097,-58.97832334707192,-54.83430442435477,-43.92675877393617,-27.924375405063273,0.8436160317580025,1.0913678027107236,2,0.1,0.101,0.9900990099009901,0.25,0.25200000000000006,0.9920634920634919,0.507,0.34700000000000003,1.4610951008645532,-0.002794447374348197,12402.759904231001,0.11459623052002221,4.596499373093196,40.11038890402331,0.009645740204590303,0.4288423393011995,2.855863091817583,0.4572588775762816,0.8714843759537704,2.2072072072072073,22.199661191199525,1.606606606606607,0.6312625250501002,0.8612611534073132,0.914976258862801,0.5754902809896062,0.12935481238944604,-0.5558602480881699,0.9,0.9,0.09090909090909091,0.9090909090909091,0.11565369003446671,0.11565344779143746,0.9986019694527748,0.10689099728612518
5,24,0.6829000203490231,0.804176773989632,0.8324594272782265,0.8815271434370796,0.6690588262645881,0.7905779684887247,0.8246915962059942,0.8789920886258712,-80.40817938042255,-49.65559790078083,-42.48386404735484,-30.041587239165324,-84.14415595575042,-53.2470465404929,-44.573413161911645,-30.767125322051754,0.6125487358769303,0.14564063758018753,2,0.1,0.101,0.9900990099009901,0.25,0.252,0.9920634920634921,0.524,0.353,1.4844192634560909,0.003834832304270508,12220.846550267766,0.9976403889820581,5.867126705209395,5.881003586067636,0.02992200369292264,0.38997144851712995,2.769833137382647,0.41780894290235837,0.889156250198439,2.1871871871871877,25.492146544514203,1.606606606606607,0.6533066132264529,0.8492266716288661,0.9121077017054013,0.6216128271824642,0.12512362481088057,-0.5538323149211007,0.9,0.9,0.09090909090909091,0.9090909090909091,0.11421626259754725,0.11421470546346071,0.9986229253574721,0.10404201809844653
5,24,0.7483975814943019,0.7803434965840786,0.8204242272088429,0.8697544936175445,0.7538495516654409,0.778772701754637,0.8167035408095722,0.8687027799711629,-63.80596335240037,-55.704531340803754,-45.54012336503854,-33.03004818638328,-62.58225183227367,-56.24569276488708,-46.60200802652329,-33.381518271923056,0.6481347832746605,0.26758224255614715,1,0.1,0.10300000000000001,0.970873786407767,0.25,0.233,1.0729613733905579,0.5399999999999999,0.32099999999999995,1.6822429906542056,-0.001944564093731893,12492.616467212254,0.14900323008847424,5.431653641830703,36.453261037398505,0.01617513421501715,0.4933630716484785,2.7576393178089598,0.5577410349178972,0.8726400637761871,2.1871871871871877,23.246970599856457,1.606606606606607,0.6533066132264529,0.8856613454804075,0.9187384720919526,0.5967258910690806,0.12482504133978775,-0.5656769746132508,0.9,0.9,0.09090909090909091,0.9090909090909091,0.1191477648987618,0.11914558123552203,0.9987398133939567,0.10833928764941204
5,24,0.6997337034080171,0.7947226777009938,0.8195258659277239,0.8834211222118441,0.6801069420990825,0.7962021724592855,0.817650960203828,0.8812149989707004,-76.16993756425907,-52.07364596140647,-45.78170670592681,-29.573102087116865,-81.40024241496255,-51.85855758894013,-46.400681968351904,-30.226126013780004,0.6925488942880658,0.43619060978572843,1,0.1,0.10300000000000001,0.970873786407767,0.25,0.24700000000000003,1.0121457489878543,0.5130000000000001,0.32700000000000007,1.5688073394495414,-0.0009429919357335503,12655.038014341892,0.4858695230719842,4.967406510231115,10.223745829588012,0.025096839200671517,0.46923397473213513,2.7204103913998625,0.5109964553287326,0.8806690104333343,2.1871871871871877,23.246970599856457,1.626626626626627,0.6342685370741483,0.8945895994658056,0.9192247446971986,0.6196526642460016,0.12400625515553232,-0.5608251211584079,0.9,0.9,0.09090909090909091,0.9090909090909091,0.11381820105504568,0.11381923839602329,0.9987333505152594,0.10347937040304646
5,24,0.7420398503094829,0.8266374138610063,0.8621103692506161,0.8976422306311674,0.7436891113508995,0.8242012302343531,0.8563867754970336,0.8959132122234457,-65.442780946146,-43.9809395465264,-34.981685778610085,-25.96748795105421,-65.23427842707773,-44.742952414051445,-36.55133467959209,-26.491369641699862,0.7210674399710678,0.3978613995696296,2,0.1,0.10400000000000001,0.9615384615384615,0.25,0.266,0.9398496240601504,0.503,0.344,1.4622093023255816,-0.007006235303086195,12513.443396586226,0.21703232964132657,2.9304966037706337,13.502580968529669,0.03400742537182866,0.4334006400150602,3.11700881086552,0.5077520682793423,0.8505319529423546,2.1871871871871877,25.492146544514203,1.646646646646647,0.6342685370741483,0.8203711191319487,0.9115433950671435,0.5560725883950272,0.129804034822913,-0.5721782897953592,0.9,0.9,0.09090909090909091,0.9090909090909091,0.11590896039374245,0.11590720623970692,0.9986757222059122,0.10559694299411525
5,24,0.6959741177676887,0.7681044659839685,0.8023536120328422,0.8668142952235861,0.701455987005054,0.7668475841441981,0.8004860258525038,0.8636690026500351,-77.09499882131661,-58.80415769330344,-50.11924621510431,-33.77328166063157,-75.86385655557524,-59.24701438367083,-50.699055605628985,-34.6434521438932,0.758489151488199,0.7170210536392001,3,0.1,0.101,0.9900990099009901,0.25,0.24000000000000005,1.0416666666666665,0.499,0.291,1.7147766323024056,0.004667222284523431,12613.24499297786,0.47291231105714104,5.569468109476267,11.776957332801004,0.04386006681127819,0.4959390728490749,2.451581991931566,0.5619457680035456,0.87008859692007,2.1871871871871877,23.246970599856457,1.586586586586587,0.6422845691382766,0.8788601297860645,0.919137502573657,0.6045137543457382,0.12642278098766174,-0.5537490407648429,0.9,0.9,0.09090909090909091,0.9090909090909091,0.11673269596561404,0.11673705055171871,0.9987832067534513,0.1067069392237641
5,24,0.7494438931774172,0.8086611693978689,0.8276546032386253,0.8844821137373349,0.75408099927974,0.8053619841827337,0.8220059458605125,0.8840880606705604,-63.55914008461633,-48.53735832700693,-43.71925056870214,-29.303686141828848,-62.57306891275937,-49.524835173800284,-45.28984821470124,-29.49331180685408,0.5488559908735847,0.12531632818319638,1,0.1,0.10300000000000001,0.970873786407767,0.25,0.246,1.016260162601626,0.514,0.366,1.4043715846994536,-0.0036900343202912467,12444.838806355257,0.7129466321026064,3.9685343490520673,5.566383471576482,0.016396848298896427,0.4349244115288867,1.6546742397438798,0.4922246502717669,0.8658730804533521,2.1471471471471477,22.199661191199525,1.606606606606607,0.6222444889779559,0.8529757974491629,0.9170262818836279,0.5800919757341348,0.12558931618264907,-0.5963249858184997,0.9,0.9,0.09090909090909091,0.9090909090909091,0.11972530558226259,0.11972576909967532,0.9985370521480378,0.10884424498550134
5,24,0.7959264444848642,0.788371565516488,0.8182129000613847,0.8773918787212862,0.7871611963768606,0.7884578000211645,0.8170773196655161,0.8746213565273762,-51.75340923680409,-53.66933970607988,-46.10152527281849,-31.093633176898095,-54.087296441990475,-53.7577992615731,-46.48491284856601,-31.861633036642303,0.7638719409330677,0.6908743101090464,1,0.1,0.101,0.9900990099009901,0.25,0.25,1.0,0.461,0.32799999999999996,1.405487804878049,0.002494633990616557,12286.789271378204,0.38406749521398686,5.7250274966642785,14.906305709298636,0.03374723398381041,0.4469020205719735,3.0075787962499043,0.4916981296137365,0.8617240716245318,2.1671671671671673,24.34368873543108,1.586586586586587,0.6392785571142284,0.87400361445054,0.9157610770763445,0.6035941206247963,0.12735974271830303,-0.5800915235946811,0.9,0.9,0.09090909090909091,0.9090909090909091,0.11671703291235169,0.11672076458056704,0.9986403664485337,0.10719806865234059
5,24,0.686644195005883,0.7518506440225334,0.8208488013551589,0.8849528241996589,0.6906259747689641,0.7542011222116857,0.8179259161391739,0.8833155072936738,-79.47272213154528,-62.93518262758644,-45.43599704400572,-29.178052835406078,-78.65884786808766,-62.494763481385206,-46.292631233132454,-29.66722158881214,0.6374701225191954,0.35582084346450893,2,0.1,0.101,0.9900990099009901,0.25,0.24100000000000002,1.0373443983402488,0.5429999999999999,0.341,1.5923753665689147,0.0015862206129534373,12401.735304490867,0.044909762021941246,6.4915910279700695,144.5474376995923,0.03041103295822556,0.45090308834980997,2.1475214397462805,0.4892416213044142,0.8584989442398229,2.1471471471471477,22.199661191199525,1.586586586586587,0.6382765531062125,0.8814558744258605,0.9113540108659293,0.5863947043241902,0.13222962833936805,-0.5926825520418612,0.9,0.9,0.09090909090909091,0.9090909090909091,0.11671447824994408,0.11671349905545865,0.9986086170919836,0.1061043668330631
5,24,0.7611224126416555,0.7787639548049371,0.8183668879097307,0.8688111441634445,0.7483275809785152,0.7781985716971682,0.8107949002096938,0.8657662807815869,-60.554803303612715,-56.08272148344864,-46.04348820532027,-33.256009693749604,-63.92512516107814,-56.33785426425297,-48.05834398634312,-34.095541081684985,0.8171464536385212,0.8038408137619495,2,0.1,0.101,0.9900990099009901,0.25,0.231,1.0822510822510822,0.51,0.32,1.59375,0.003169606750143217,12312.601452871117,1.1862790207592309,5.94112872139512,5.008205167105404,0.044862620874281056,0.44963925342332056,2.6715412112240853,0.514053617651065,0.866469703573857,2.2272272272272273,26.694784940343236,1.626626626626627,0.6472945891783567,0.8409264410726384,0.9137119380507152,0.5733013900532083,0.1320422470505737,-0.5665690978745026,0.9,0.9,0.09090909090909091,0.9090909090909091,0.1127849526719688,0.11278430455026212,0.9987973358477269,0.10395940609985223
5,24,0.7444954548374454,0.7965798560621533,0.826177381205409,0.886940837714625,0.7440118703449963,0.7929975566898236,0.8233921095875714,0.8857409185794161,-64.8036602880641,-51.59348494215848,-44.086659717070205,-28.675214135753492,-65.08310510892875,-52.6288535094109,-44.90126128218927,-29.049533725518813,0.853558509844443,0.7286172162749343,1,0.1,0.1,1.0,0.25,0.24800000000000005,1.008064516129032,0.508,0.39,1.3025641025641026,-0.002081246366389955,12334.408467303905,0.057396691406320144,4.8578183857269375,84.63586082580409,0.03598558784378536,0.4181946665022491,4.44324832761737,0.49262522643310014,0.8722611630531264,2.2072072072072073,23.246970599856457,1.626626626626627,0.6292585170340681,0.8224629339258798,0.9113441459957082,0.5755865741936929,0.13133168778153212,-0.5434470922367018,0.9,0.9,0.09090909090909091,0.9090909090909091,0.11059340001897303,0.11059373320342933,0.9986709852357638,0.10464391781551728
5,24,0.7448933861953742,0.7833733412406971,0.8293672397700858,0.8864997876561015,0.7452977251042978,0.7755625583852376,0.8271730714259331,0.8844868101024372,-64.72356970246409,-54.96074930600409,-43.29155244372751,-28.796348300522112,-64.84809798089816,-57.14256462913835,-44.002345885988376,-29.410065770439815,0.7073438783903427,0.5546122387847645,1,0.1,0.099,1.0101010101010102,0.25,0.24499999999999997,1.0204081632653064,0.49799999999999994,0.36,1.3833333333333333,-0.0035898913723528825,12691.802362091581,0.007208869919832242,4.264922372458955,591.621491286141,0.027531594871758602,0.4401276721145013,4.4632970043497995,0.495035467617132,0.8735495064427664,2.2272272272272273,25.492146544514203,1.566566566566567,0.6663326653306614,0.8702780847553782,0.9183624155598423,0.6059992090775601,0.12353867548481658,-0.5559836904016385,0.9,0.9,0.09090909090909091,0.9090909090909091,0.11276456902598057,0.11276479025001415,0.9986892976542422,0.10251528442377814
5,24,0.7792749618720362,0.8244126010750528,0.8471222472809241,0.8824680540579104,0.7851169201758841,0.8238091649633166,0.8460357918668966,0.8814350698434076,-55.98740814686607,-44.538143259299574,-38.777789826890455,-29.81224551398776,-54.63117378220568,-44.79418358858021,-39.143358414464046,-30.143561369101974,0.6550196650110204,0.22233695749082516,1,0.1,0.101,0.9900990099009901,0.25,0.251,0.9960159362549801,0.5239999999999999,0.319,1.642633228840125,-0.0073964305418439125,12579.411542388963,0.01329270469843405,2.696967234352283,202.8907807355413,0.030929507371490916,0.4509144739563017,4.514940423066568,0.5088805740207161,0.8857289632599115,2.1871871871871877,24.34368873543108,1.586586586586587,0.657314629258517,0.8540185764226369,0.9154815634981618,0.582614025235896,0.12650986588718008,-0.5842988969623849,0.9,0.9,0.09090909090909091,0.9090909090909091,0.11384566386873174,0.11384483322130265,0.9986672920887789,0.10351656163702204
5,24,0.7616762869472481,0.7782710917519245,0.821460843108047,0.8791597779534114,0.7560527036750486,0.7743036279153878,0.8215989397901975,0.8781545448196173,-60.4504508724157,-56.24120362742846,-45.286188244770216,-30.650940322594806,-62.03010956229775,-57.38932506787398,-45.363229999086684,-30.982458294759653,0.6814663950407127,0.3458077694615751,2,0.1,0.1,1.0,0.25,0.24099999999999996,1.037344398340249,0.519,0.32999999999999996,1.572727272727273,-0.004149941062332463,12363.770511921744,0.08680293829914178,4.726153145564517,54.44692585494246,0.04320492579349311,0.4477118357687745,3.14088407164159,0.5315893520409744,0.8562545614277693,2.1671671671671673,19.33242287555043,1.586586586586587,0.6072144288577155,0.9174265100732801,0.9190359197754803,0.6183691983305881,0.12458685261048157,-0.5561273633512412,0.9,0.9,0.09090909090909091,0.9090909090909091,0.11381679724307282,0.1138157335206607,0.9986184142101905,0.1037143518270995
5,24,0.7685476464336995,0.8181035873903741,0.8506874907017937,0.8702049220286444,0.7632597921260331,0.8127017026660778,0.8521152406889863,0.8697644551370565,-58.71324442970962,-46.14223346567539,-37.87657252026017,-32.925524503350715,-60.23579151032422,-47.655872611428435,-37.62755642317853,-33.13691914883378,0.7497514422910109,0.2737501703735514,1,0.1,0.1,1.0,0.25,0.23899999999999996,1.0460251046025106,0.508,0.337,1.5074183976261126,0.002419786335012275,12471.724297272795,0.17170623328357582,5.818528497337576,33.886530419243286,0.05967510231543849,0.46604959024360915,2.1493801265614585,0.5172045233064442,0.8726585562542375,2.1871871871871877,23.246970599856457,1.586586586586587,0.6643286573146293,0.8543491800699337,0.9199279093325822,0.5828072481761045,0.12284704647463737,-0.5735713202246386,0.9,0.9,0.09090909090909091,0.9090909090909091,0.11156438826138497,0.1115645206374726,0.9986901306246437,0.10289129105662856
5,24,0.6932697199715658,0.8004794373820221,0.8396322977544826,0.88486134900432,0.692683570792722,0.804481485996041,0.8375774565506352,0.88497492684134,-77.7944746081024,-50.603407465802604,-40.67326231744099,-29.202043112483892,-78.13979980248374,-49.713507284193895,-41.29836163097983,-29.246845709057453,0.6521954759546117,0.3917792120868526,2,0.1,0.10200000000000001,0.9803921568627451,0.25,0.23899999999999996,1.0460251046025106,0.53,0.355,1.4929577464788735,-0.00559209454355214,12311.257372955552,0.23013099913140173,3.0003669469680596,13.037647940922945,0.0396962320045251,0.40449985367804764,3.1335290741538833,0.45807126154046096,0.8777314998178676,2.2072072072072073,24.34368873543108,1.606606606606607,0.6402805611222445,0.8553190703435228,0.9120329143829689,0.5688049320943375,0.1313039544391184,-0.5836504088755157,0.9,0.9,0.09090909090909091,0.9090909090909091,0.11896483021203343,0.1189688772293848,0.9985912783895203,0.10829784873192079
5,24,0.6775936074482934,0.7839302697401955,0.8146339496844512,0.878458444000458,0.6734504588697335,0.783686486166294,0.8103666411555867,0.8780687437610373,-81.74345974294101,-54.78268330032515,-46.99802057816498,-30.81585080032056,-82.95104300172176,-54.948573884889726,-48.17120504783918,-30.973324428887707,0.7303275081659482,0.34075787739435137,2,0.1,0.101,0.9900990099009901,0.25,0.23899999999999996,1.0460251046025106,0.518,0.358,1.4469273743016762,0.003808970251750754,12353.182082413872,0.32838472997003165,5.5102785308400986,16.779947506520678,0.025132233482913824,0.45810748460265704,3.5575647251829174,0.4821494375181109,0.8699966076786603,2.2272272272272273,23.246970599856457,1.606606606606607,0.6402805611222445,0.9063016721713112,0.9198777051783418,0.6309202339302293,0.12067677098612513,-0.5470459513745651,0.9,0.9,0.09090909090909091,0.9090909090909091,0.11425287294983821,0.11425263042783387,0.9987552864758593,0.10474121372373203
5,24,0.7125842459111558,0.7938947158275341,0.8254426747142993,0.8802101002559571,0.7032062257436781,0.7955785116437697,0.8245727724478031,0.878989553712771,-72.89282727889,-52.27130617135933,-44.27028366156449,-30.380465745447395,-75.44338570746356,-51.962846025313326,-44.59266042548887,-30.760206465770437,0.7873511022689568,0.37461100180001505,1,0.1,0.10200000000000001,0.9803921568627451,0.25,0.246,1.016260162601626,0.48900000000000005,0.33199999999999996,1.4728915662650606,0.008338593770836455,12268.638854204288,0.4460812527660884,5.941160293541217,13.31856081532434,0.0455266994456478,0.4641156731039492,3.0288897276065745,0.5035309404162829,0.8689482296406648,2.2272272272272273,25.492146544514203,1.626626626626627,0.6232464929859719,0.8710255642010731,0.913966390361882,0.5911081585782227,0.12916830526566836,-0.5407595630801205,0.9,0.9,0.09090909090909091,0.9090909090909091,0.11319693434856645,0.11320005288659976,0.998740660171758,0.10467854876677872
5,24,0.7554605565366056,0.8013924918685879,0.8329602138702981,0.8846363457568579,0.7502923490660325,0.7973976172897125,0.8258902934172475,0.8807888728691017,-62.021284866267735,-50.37180368099507,-42.365444252356355,-29.25909195543983,-63.51825249848494,-51.5360632870227,-44.2883678725762,-30.32379042215146,0.6419401616130361,0.17190434345904082,2,0.1,0.10300000000000001,0.970873786407767,0.25,0.24699999999999997,1.0121457489878545,0.5,0.34700000000000003,1.440922190201729,-0.00021096002093790034,12467.622015188592,0.15289063221317006,5.323768061403252,34.82076033265732,0.04631302766738277,0.40439281908177604,1.9709309393634538,0.4819273304986622,0.8646138812900457,2.1871871871871877,22.199661191199525,1.586586586586587,0.6613226452905812,0.8561632837349972,0.9169997247136354,0.6217774746869908,0.12399160781968444,-0.5844251532376393,0.9,0.9,0.09090909090909091,0.9090909090909091,0.11654188833522766,0.11654299329668916,0.9986339288907586,0.10674687704357372
5,24,0.756625103517301,0.8167956224113668,0.8444520582834568,0.8874958738301127,0.7521512099370823,0.8153332474789622,0.8402537092571095,0.8868889534416398,-61.73111530873274,-46.46909242257237,-39.45414282619967,-28.53624299659529,-63.01887918401553,-46.95399870006844,-40.617637043397565,-28.760000707001012,0.8063088125327023,0.716829439582797,2,0.1,0.1,1.0,0.25,0.24800000000000005,1.008064516129032,0.515,0.36,1.4305555555555556,-0.002169712855370154,12428.000797685552,0.013943054926409711,4.458419520943624,319.75915927139306,0.03975973325120796,0.42154901207482265,2.062225291286727,0.4578942714803912,0.8642360204026293,2.1871871871871877,23.246970599856457,1.586586586586587,0.6312625250501002,0.8391905073086028,0.9143538408934481,0.574927178511956,0.12751396880482774,-0.5401898425078028,0.9,0.9,0.09090909090909091,0.9090909090909091,0.11472540495087157,0.11472460092565422,0.9986576958813801,0.10431466059313577
5,24,0.7511622164442354,0.7950884502232461,0.8229047810873705,0.8781740832354361,0.7455268350115423,0.7948349697800458,0.8211945343847593,0.8771614991207599,-63.113125113288845,-51.97204417037406,-44.916943675047975,-30.898902155990186,-64.69923391572814,-52.162750764428665,-45.460890329146736,-31.23141452893006,0.7306798162120927,0.32818253836074573,1,0.1,0.1,1.0,0.25,0.246,1.016260162601626,0.493,0.35899999999999993,1.3732590529247914,0.010326016610320177,12341.973359769288,0.05737361778353279,6.963409264171611,121.36953417238104,0.03647923713168777,0.46416044936940315,2.224119326638452,0.5256351178841967,0.865817332553241,2.2072072072072073,18.461469463245454,1.606606606606607,0.6282565130260521,0.8306408982390182,0.9119291432265189,0.5463383686576987,0.1323988173432094,-0.5677068144836085,0.9,0.9,0.09090909090909091,0.9090909090909091,0.1138696555828719,0.11386987216833111,0.9987194938070255,0.1035487380228885
5,24,0.7732531274337442,0.8074839619436482,0.8228090564136297,0.8813543681294718,0.7823413052085287,0.8093288344465397,0.8253776601507405,0.8806905659178393,-57.50267230062323,-48.82178317909978,-44.93536183484974,-30.088357171752563,-55.31086094224756,-48.452860262382444,-44.37457445045169,-30.31860281960681,0.8311325332250897,0.8650702642462424,2,0.1,0.101,0.9900990099009901,0.25,0.253,0.9881422924901185,0.5090000000000001,0.348,1.46264367816092,-0.0026529881436145875,12519.341698038616,0.02288946242224701,3.853399106841426,168.34816981530253,0.061973411241470155,0.44419642449581176,2.2019704410257956,0.4828366590817448,0.8750424107696768,2.1671671671671673,21.199534575360687,1.586586586586587,0.6503006012024048,0.8521231528706522,0.9136520427365944,0.5912936611435038,0.12894720366093962,-0.5485837151761176,0.9,0.9,0.09090909090909091,0.9090909090909091,0.11549399639409007,0.11549333143355348,0.9986866878385547,0.10612849084466758
5,24,0.7074812250353664,0.795532701506262,0.8314992496738208,0.8814256460867166,0.7095167823320025,0.7950572564025765,0.8305788103455956,0.8792134173671613,-74.17659142086632,-51.84859420094321,-42.7282362048916,-30.067955139912698,-73.80790898079886,-52.07321609540375,-43.04766328952911,-30.690258695962058,0.574921591938263,-0.07669711639805499,1,0.1,0.101,0.9900990099009901,0.25,0.23900000000000002,1.0460251046025104,0.517,0.348,1.4856321839080462,0.0005090358279344898,12227.488054348489,0.722849456521736,4.049185145128913,5.601699093215205,0.026783737147789588,0.4412454480666681,4.147506270129677,0.4871869750408978,0.864827922689667,2.1871871871871877,24.34368873543108,1.606606606606607,0.6312625250501002,0.9010220130605161,0.9232242582495077,0.6321745274180761,0.12060122358282636,-0.5757060308404914,0.9,0.9,0.09090909090909091,0.9090909090909091,0.11366047598271044,0.11365828635416741,0.9985946426793302,0.10665920256457517
5,24,0.7512616314616671,0.7908868398846024,0.8213337633715936,0.8689395915224654,0.7555348244475412,0.7891881949569021,0.8167934673461158,0.8655004819463012,-63.08526083422555,-53.03547790905458,-45.31350031040944,-33.239665044161626,-62.18836584589985,-53.62744050160822,-46.6050628777337,-34.21471060619743,0.7229871708617238,0.4873050570909885,2,0.1,0.10300000000000001,0.970873786407767,0.25,0.24100000000000002,1.0373443983402488,0.51,0.33499999999999996,1.5223880597014927,0.004414338323235456,12246.488899857182,0.036181458268144895,7.68424607546457,212.3807730057686,0.055854785871530366,0.450292941519033,2.0988507720906413,0.5112817255649499,0.8797979952231905,2.1671671671671673,22.199661191199525,1.586586586586587,0.6202404809619239,0.8922795707991872,0.9148515079930172,0.6033056241783912,0.13157905673514328,-0.5642205134057041,0.9,0.9,0.09090909090909091,0.9090909090909091,0.11896371885452715,0.11896351681048278,0.9985698664040926,0.11007716075286292
5,24,0.6849289213097494,0.7804650231396945,0.8075713617820032,0.8607785062669627,0.6681258011006628,0.7817548416041453,0.801110667572876,0.8588374008101337,-79.8855217734937,-55.66257063936618,-48.789823020602114,-35.299278230112634,-84.38116908021186,-55.49024802956748,-50.56890364916262,-35.8915070516079,0.7182535676178503,0.6861344024005716,1,0.1,0.099,1.0101010101010102,0.25,0.22799999999999998,1.0964912280701755,0.512,0.3410000000000001,1.5014662756598238,0.00018059458444075194,12367.254810883944,0.16153596042759055,4.865750077185266,30.121776379113847,0.04440750271650662,0.4738065123560893,2.306342587430045,0.523689094245387,0.8723041817166317,2.2072072072072073,23.246970599856457,1.606606606606607,0.6452905811623246,0.8774770392944953,0.9206250384129518,0.6323035985996369,0.11986665960324641,-0.5568144103533134,0.9,0.9,0.09090909090909091,0.9090909090909091,0.1177338356768391,0.117735489806516,0.9986628669142144,0.10762142250848865
5,24,0.700922938154763,0.7831216404043839,0.841557776104686,0.8885390567846272,0.70202321010166,0.7779533002613991,0.8366646787666058,0.8860468885717722,-75.85276338076176,-55.00529793664623,-40.18456127829694,-28.26903708278101,-75.76127508918384,-56.45587734293284,-41.528376112666905,-28.97283719690975,0.5451546966830055,-0.05566489885746195,1,0.1,0.1,1.0,0.25,0.23900000000000002,1.0460251046025104,0.514,0.366,1.4043715846994536,0.003071785307920738,12350.098726786135,0.6838980320719229,4.680705582307679,6.8441571152458405,0.031835155826381745,0.41397047428790257,2.9676789368945204,0.4610386005406162,0.8700991125758709,2.1871871871871877,24.34368873543108,1.606606606606607,0.6723446893787575,0.840924696512971,0.9109658260238089,0.5835630000380186,0.12982068957852777,-0.5888866621160386,0.9,0.9,0.09090909090909091,0.9090909090909091,0.11739027539381217,0.11738741024251528,0.998607984850731,0.10673784370189733
5,24,0.7530859683313753,0.7938386713516872,0.8218728988076957,0.8874201644487826,0.7463348283586281,0.793854894210056,0.8183310379647039,0.885866536914496,-62.639997550424255,-52.30138212174961,-45.18933617075578,-28.560550307726885,-64.55918644921374,-52.46506737275442,-46.235753675531214,-29.047596387606518,0.8029543286921018,1.0111689254748333,2,0.1,0.101,0.9900990099009901,0.25,0.25,1.0,0.514,0.355,1.447887323943662,-0.002105370401267237,12533.631987241612,0.25025417178039966,4.000619706166118,15.986225834735329,0.0460131622739226,0.4243588559791279,2.470895801877633,0.4888844912445812,0.8727827605651742,2.1671671671671673,22.199661191199525,1.586586586586587,0.6472945891783567,0.8622202018547094,0.9177157686257797,0.6184891091026435,0.12298973451562535,-0.5423234248479529,0.9,0.9,0.09090909090909091,0.9090909090909091,0.11684819304631053,0.11684584919820495,0.9986815284665181,0.10677442090534074
5,24,0.7650191350557335,0.7981154222300749,0.8402541512695333,0.8806161713650144,0.7666159530962816,0.7927242645114392,0.8367922859637874,0.8791522144573578,-59.59506568277976,-51.20129537097657,-40.51421101842297,-30.277729680887745,-59.32680617993563,-52.6900083715085,-41.487807526498386,-30.719808167181668,0.8670148305731025,0.9531604881007922,3,0.1,0.1,1.0,0.25,0.25,1.0,0.496,0.36,1.3777777777777778,0.00258143669058708,12435.304661118895,0.6049819400011951,6.58243973589436,10.880390472286424,0.004813540970088792,0.44127906394937944,3.3192537414528807,0.48904906540638626,0.8772124518593318,2.2072072072072073,18.461469463245454,1.606606606606607,0.6472945891783567,0.8698645287869078,0.9156806848406354,0.6029440263334123,0.12805250361585602,-0.5659197447992136,0.9,0.9,0.09090909090909091,0.9090909090909091,0.11775790312160393,0.11775503197501694,0.9986254035086974,0.10705218318108102
5,24,0.7247694582023566,0.7640435150179108,0.8056311751686183,0.8702940788381497,0.7212699730253297,0.7602380268900579,0.8024185777034879,0.868670176116761,-69.79199477529593,-59.83301729346144,-49.28736439826443,-32.89037224185819,-70.84343667656924,-60.93911855792646,-50.21829592906204,-33.37945381414801,0.6467046772255041,0.16839491079786306,2,0.1,0.1,1.0,0.25,0.24299999999999997,1.0288065843621401,0.531,0.345,1.539130434782609,-0.004755812992990993,12666.900009553345,0.2317501283863429,3.7924494339741956,16.364389786451078,0.02717523615982087,0.46284199803326664,1.8192992540684456,0.5058307965752835,0.8572993562595235,2.2272272272272273,26.694784940343236,1.626626626626627,0.6472945891783567,0.8675695062874261,0.9175171929808329,0.5868050305981793,0.12473705253213098,-0.5590408270234867,0.9,0.9,0.09090909090909091,0.9090909090909091,0.11457969502465047,0.11458053639772761,0.9987476673964494,0.10457809595202519
5,24,0.7909301780743478,0.7953965928551142,0.819552009326944,0.8673875115442891,0.7630489529926275,0.7982655631046239,0.8191853568476669,0.8685757953122044,-53.011733127547046,-51.87922922902115,-45.754383090084985,-33.625215646350085,-60.21663834222815,-51.26700126935478,-45.9506303567602,-33.398982207720394,0.8484369232199126,0.6968891193847755,1,0.1,0.101,0.9900990099009901,0.25,0.229,1.0917030567685588,0.501,0.32799999999999996,1.527439024390244,-0.007251530512790039,12762.902255185021,0.026591404737187158,3.661782180853865,137.70548103963043,0.06370794556974058,0.48218892080735176,3.2052585617713087,0.538259420749182,0.8814085475984811,2.2472472472472473,21.199534575360687,1.626626626626627,0.6442885771543087,0.8392713526193264,0.9127916262059163,0.5442561024958479,0.13216074000902922,-0.5502820080044241,0.9,0.9,0.09090909090909091,0.9090909090909091,0.11909138347874272,0.11909262801750142,0.9988486850720265,0.10844393027394976
5,24,0.7842378347549125,0.7973862904835216,0.8187325294283919,0.8678764224093481,0.7680607247736294,0.7888496934536037,0.8118503951435297,0.8648475888678324,-54.71937138502338,-51.38479587529008,-45.97118327471665,-33.50781682547765,-58.97749323090409,-53.69127657611796,-47.842660696380904,-34.36654014249291,0.6788038734408999,0.3320174196620709,1,0.1,0.1,1.0,0.25,0.231,1.0822510822510822,0.521,0.346,1.5057803468208095,0.002559179894693453,12632.933714930203,0.16223246561868,6.032304295537003,37.183089540879315,0.054626929028506965,0.46075379161129393,4.4051988846075885,0.507776897240005,0.8656176291672106,2.2072072072072073,19.33242287555043,1.606606606606607,0.6362725450901804,0.8667829259336086,0.9198684274191424,0.5825671946264924,0.12601610770319738,-0.5551078890365119,0.9,0.9,0.09090909090909091,0.9090909090909091,0.1144430217799818,0.11443991874502199,0.9986700466420545,0.10782490868082291
5,24,0.8350623620831081,0.8346728721006732,0.8517609686891752,0.885873890604912,0.8384071169539,0.8354653451670843,0.8520568871692934,0.8837780214790099,-41.83175409374704,-41.930537181542945,-37.59662611401211,-28.94485093994706,-41.107781111192935,-41.85614148704565,-37.63540190949013,-29.56582965344856,0.7195729109485554,0.5537064305096626,2,0.1,0.1,1.0,0.25,0.24800000000000005,1.008064516129032,0.502,0.333,1.5075075075075075,-0.0025138137958049533,12513.527565252416,0.4995955598208607,4.102235306219707,8.211112419995565,0.021366433362344228,0.41203587909926087,2.732819386856938,0.4920117516986192,0.8548856454634602,2.2072072072072073,26.694784940343236,1.626626626626627,0.6402805611222445,0.7952707637486817,0.9174393197353028,0.5706933028911365,0.12442114762453815,-0.5695843238362455,0.9,0.9,0.09090909090909091,0.9090909090909091,0.11764566885052788,0.11764514969882463,0.9986781113143641,0.10701448398663632
5,24,0.7076158907397528,0.7745092186898516,0.814530701576427,0.8805409134090959,0.701739758433087,0.7667834962241029,0.8119455650236365,0.8786049288584035,-74.15466942677457,-57.18913517271852,-47.03885771430254,-30.297300009174393,-75.84005935025979,-59.30107678752117,-47.81750136981421,-30.867705839171464,0.6686872722676025,0.5038112826192629,3,0.1,0.10200000000000001,0.9803921568627451,0.25,0.24200000000000005,1.0330578512396693,0.5239999999999999,0.312,1.6794871794871793,0.003094972395849105,12384.81951819013,0.16700828238087073,5.73647938967573,34.34847247032577,0.05515929398394437,0.46283534941487836,3.536672470876977,0.5225627843606335,0.8793103165925897,2.1471471471471477,23.246970599856457,1.566566566566567,0.6893787575150301,0.8718785071748876,0.913771042964996,0.587404797503443,0.131132660844256,-0.5623358987573768,0.9,0.9,0.09090909090909091,0.9090909090909091,0.11487636704203717,0.11487701918471833,0.9985836284968748,0.10627938106448596
5,24,0.7591360088215254,0.7716365606044457,0.8269545093028855,0.87284321760115,0.7638274113765641,0.7707562212955776,0.8243284661911814,0.8698839464662512,-61.0896736029199,-57.91919293231959,-43.88905329278032,-32.25042603976189,-60.067233152626045,-58.30498613106667,-44.67962620504818,-33.093219539431715,0.5430131162671185,-0.10110588707706514,1,0.1,0.1,1.0,0.25,0.23800000000000004,1.0504201680672267,0.528,0.367,1.4386920980926432,-0.004259172403912048,12364.15068487593,0.46165921871702326,4.172912264095946,9.038944950980731,0.028351519450455775,0.4683868746927239,3.3261817632818254,0.48921623816707993,0.8662979371140651,2.2272272272272273,23.246970599856457,1.606606606606607,0.6503006012024048,0.8705750753681376,0.9123839875094238,0.5896686593107894,0.13497607777453605,-0.5573702733772089,0.9,0.9,0.09090909090909091,0.9090909090909091,0.11519444531691121,0.1151918399545373,0.9986201645733106,0.10493559660731816
5,24,0.785474391285192,0.8121893395092828,0.8440606436208179,0.8933630732683321,0.7919576516729425,0.8118294234307875,0.8444552386377162,0.8900510577221461,-54.41932914033845,-47.64247126736251,-39.55758574265488,-27.050896389901368,-52.91604784533678,-47.86161717982321,-39.5631663482219,-27.96576532087917,0.6907159878783075,0.4059051027886085,3,0.1,0.1,1.0,0.25,0.255,0.9803921568627451,0.47400000000000003,0.32399999999999995,1.4629629629629632,0.010001334743377388,12487.603987387898,0.1107824712873884,6.604793108227205,59.619477986668656,0.060069146898141135,0.42764030850631773,2.279268070350252,0.47878290575872595,0.8839441072483768,2.2272272272272273,27.95415999067859,1.646646646646647,0.6523046092184369,0.8587915963503482,0.9123576924415012,0.5917072346034814,0.13046778986831448,-0.5544243523197224,0.9,0.9,0.09090909090909091,0.9090909090909091,0.11813002780624582,0.1181295795510086,0.9987101760280497,0.1085726559880506
5,24,0.7391259413064277,0.7793185982898436,0.8160689535865614,0.874859064789764,0.7291644443404095,0.7690040913055084,0.8076884504844946,0.8711284933513798,-66.14476208305925,-55.95389164171414,-46.63581869976397,-31.72955343963656,-68.84475035932923,-58.717754503720926,-48.88442577403492,-32.7583528759649,0.6408216977932679,0.06790962656699584,1,0.1,0.10300000000000001,0.970873786407767,0.25,0.23700000000000002,1.0548523206751055,0.515,0.33399999999999996,1.5419161676646709,-0.00433175573072786,12168.524076947422,0.17018365378078912,4.4449310092451935,26.118436821027707,0.04039022620513222,0.42093082924137604,4.401455308253004,0.4820250643950147,0.8772139623620481,2.1671671671671673,21.199534575360687,1.606606606606607,0.6172344689378757,0.8418466759775189,0.9176719148719351,0.6390066033199243,0.1198372696576854,-0.5654863282892605,0.9,0.9,0.09090909090909091,0.9090909090909091,0.11452446314033925,0.11452441338619719,0.9986632685292498,0.1043056405650237
5,24,0.7746198217805295,0.7946563858828631,0.8225081867565225,0.8774423645589391,0.7775260243075186,0.79773584121149,0.8205513605573859,0.8763345978497245,-57.155747582221494,-52.07453409976162,-45.011399652796115,-31.080254398956072,-56.53744324878278,-51.40151050554826,-45.6033890569833,-31.42716191476498,0.7298634268591653,0.6407954439846475,1,0.1,0.101,0.9900990099009901,0.25,0.242,1.0330578512396695,0.502,0.35700000000000004,1.4061624649859943,-0.0007096755365418872,12446.05032757471,0.9215381271504166,5.1658279760414665,5.605658435441253,0.038425405679390345,0.44304256894588834,2.350828710819823,0.47314512277858545,0.877705018541868,2.1471471471471477,20.244465099768018,1.586586586586587,0.6653306613226453,0.881673309746451,0.9197014366338484,0.6155224255368089,0.12344925435945908,-0.5564587933330523,0.9,0.9,0.09090909090909091,0.9090909090909091,0.11399441121270541,0.11399494166478841,0.9985739500645762,0.10481029634668527
5,24,0.7772940445951524,0.8050213690289406,0.8213036228688189,0.8713565339845327,0.766618511007587,0.8077980935164925,0.8212315239313716,0.8713760443880054,-56.481010794633676,-49.449015140075545,-45.319632280872895,-32.62558910681264,-59.33016461066336,-48.861504823634675,-45.446462605669495,-32.698739271401195,0.7915552587733042,0.9224699149940996,3,0.1,0.099,1.0101010101010102,0.25,0.242,1.0330578512396695,0.493,0.331,1.4894259818731117,0.009050466488761733,12593.478403588104,0.27952123088261166,5.751584783092143,20.576557869794126,0.03706055144976206,0.4780910051197321,2.905953127930954,0.5166023616444697,0.8611163284067997,2.2072072072072073,26.694784940343236,1.606606606606607,0.6653306613226453,0.8609604000431141,0.9159972770309575,0.5655339956334299,0.12964367763046067,-0.5557227812656906,0.9,0.9,0.09090909090909091,0.9090909090909091,0.11295813536336324,0.11295850983075997,0.998714814290103,0.10797729347077088
5,24,0.7065194108592622,0.762315008898114,0.821131792854397,0.8814082278094306,0.6979763837009636,0.7631246186473913,0.8186142395034086,0.8785867752133233,-74.4290894142172,-60.278867188235665,-45.362447383586925,-30.07584808932478,-76.82695511693237,-60.254938055786624,-46.13982128710356,-30.884367539167812,0.6619632830911159,0.23536651899915695,2,0.1,0.099,1.0101010101010102,0.25,0.248,1.0080645161290323,0.471,0.35000000000000003,1.3457142857142854,-0.0003189286747304898,12388.154182111077,0.42295606075944703,4.579622542955332,10.827655560088916,0.02697615795478925,0.433011683174895,3.6156359012154233,0.47874973205939053,0.8521841666004244,2.1871871871871877,21.199534575360687,1.606606606606607,0.6402805611222445,0.8883590301367564,0.9169555301450056,0.5964656918374469,0.12758243095142732,-0.55353905638529,0.9,0.9,0.09090909090909091,0.9090909090909091,0.11720716540727188,0.1172074898476672,0.9985904459722061,0.10768907477213915
5,24,0.8064628607620979,0.820846257181508,0.8289458707872926,0.8809259994798411,0.8180782138587124,0.8157237422979283,0.8262936932340299,0.8793298206706625,-49.09250551290731,-45.444022483785744,-43.38947973731257,-30.204233926358597,-46.26797187408326,-46.86678208952429,-44.178537855586484,-30.689916703622657,0.6772489466234524,0.03188567518147112,1,0.1,0.099,1.0101010101010102,0.25,0.23700000000000002,1.0548523206751055,0.505,0.35100000000000003,1.4387464387464386,0.000844793451373782,12400.577802391042,1.1752091085913507,4.7437451049460435,4.03651151975164,0.07222066728240029,0.46595888282487763,2.7039834356785537,0.4979044476802491,0.8511738582207513,2.2072072072072073,21.199534575360687,1.586586586586587,0.6222444889779559,0.8475179543553173,0.9193290432206155,0.5913837019156817,0.12343399798707785,-0.5470693491470122,0.9,0.9,0.09090909090909091,0.9090909090909091,0.11589221137276084,0.11589009587485918,0.9986469883123152,0.10543907416540725
5,24,0.7782310125691678,0.7976235492095145,0.8254666686054493,0.8870672438701669,0.7760553815817771,0.7907536472292939,0.8230125673830375,0.8834815294148509,-56.24650310161283,-51.328040944546785,-44.26628664064319,-28.642745279754223,-56.9421317312316,-53.20482120940201,-45.0023839556016,-29.627012910801454,0.6134398547369815,0.19583953181302194,1,0.1,0.101,0.9900990099009901,0.25,0.24100000000000002,1.0373443983402488,0.46799999999999997,0.357,1.3109243697478992,0.007672609645774653,12384.701827777326,0.44365631226899155,7.303917017182086,16.463007096253545,0.03142151925594505,0.44276489461364366,3.9685773457384506,0.47703915349709947,0.8604545733415931,2.2072072072072073,20.244465099768018,1.606606606606607,0.6312625250501002,0.8703475123553278,0.9144111801365512,0.594174400771222,0.12905814737978644,-0.5645590102961718,0.9,0.9,0.09090909090909091,0.9090909090909091,0.11543375045508021,0.11543219960009994,0.9985556493093746,0.1081434051904327
5,24,0.7729270724571344,0.807726622437913,0.8429164659180787,0.8834704736777642,0.7597737050222347,0.801084231592688,0.8387578198507876,0.8810459456072172,-57.601998375283756,-48.77433387496586,-39.84766291993381,-29.560254753922152,-61.133789375531904,-50.62091429420843,-41.033582441946635,-30.271923842837595,0.5973691854245212,0.2335454983113019,2,0.1,0.10200000000000001,0.9803921568627451,0.25,0.248,1.0080645161290323,0.515,0.34500000000000003,1.4927536231884058,-0.0026674313505565816,12388.559511170712,0.015074154101464957,4.9050723831932235,325.3961947169249,0.032785379772788836,0.43183189551909973,4.187981616520675,0.46380124777051346,0.8634477778495468,2.2072072072072073,23.246970599856457,1.586586586586587,0.6392785571142284,0.8539421321235442,0.9214982629742949,0.5949558220228934,0.1201120034258569,-0.5819702662991365,0.9,0.9,0.09090909090909091,0.9090909090909091,0.11519061927922557,0.11518920888487963,0.9985345225438167,0.10506246371516555
5,24,0.7513797644502674,0.7849940992182484,0.8339118129020311,0.8791918098161454,0.7456076828447555,0.7752176614765185,0.8317494225301906,0.8768429939868757,-63.06108574949249,-54.53500402276285,-42.12730868589202,-30.64229918204356,-64.68870489210366,-57.15926693190494,-42.78396484445932,-31.317247731645153,0.6760391287953011,0.27192858164588873,1,0.1,0.1,1.0,0.25,0.23199999999999998,1.0775862068965518,0.485,0.337,1.4391691394658752,-0.005995833090365554,12523.338319699955,0.1588691245930981,3.664109826521294,23.063699985166767,0.02783560501360982,0.47317888436603284,3.6402079590736305,0.5233500017978865,0.8683258894384545,2.2072072072072073,25.492146544514203,1.626626626626627,0.6513026052104208,0.85124893975539,0.9146963968809023,0.5824924617584356,0.12785098959825927,-0.5477617833449963,0.9,0.9,0.09090909090909091,0.9090909090909091,0.1130827920695231,0.11308735134102507,0.9988079514943007,0.10280670329059861
5,24,0.7136346365081776,0.7768612417849833,0.8017976172728498,0.8759329146640112,0.7172784217094298,0.7724934651288304,0.7956443597433431,0.8717359132990452,-72.62830393407856,-56.59270155266489,-50.26831009741545,-31.466033015039443,-71.88814161750017,-57.8485098187883,-51.96188878093659,-32.61394791635223,0.7607066169017056,0.4856619699156437,1,0.1,0.099,1.0101010101010102,0.25,0.238,1.050420168067227,0.49000000000000005,0.337,1.454005934718101,0.00026170721454121804,12427.548311395936,0.13870580484490283,4.516313024562583,32.56037502981656,0.059079393372091116,0.45621533373252565,2.4097833466506144,0.51194198589252,0.8694902301755217,2.1871871871871877,18.461469463245454,1.606606606606607,0.6583166332665331,0.8678394853309557,0.9234047954038307,0.6087617194875405,0.11706228419675045,-0.5512171694837483,0.9,0.9,0.09090909090909091,0.9090909090909091,0.11757045433379505,0.11757229642778569,0.9986854388971165,0.10784485190295502
